
1 3 823 15 15 15
1 2043 2044 15 15 15
1 2043 2045 15 15 15
1 2043 2046 15 15 15
1 2043 2047 15 15 15
1 2044 2045 15 15 15
1 2044 2046 15 15 15
1 2044 2047 15 15 15
1 2045 2046 15 15 15
1 2045 2047 15 15 15
1 2046 2047 15 15 15
6 175 177 1 7 0
9 11 16 1 0 7
9 11 21 1 5 1
9 16 21 7 0 1
11 16 21 0 0 5
12 29 1094 15 15 15
12 29 1095 15 15 15
12 29 2355 15 15 15
12 36 1812 15 15 15
12 36 1813 15 15 15
12 36 1814 15 15 15
12 36 1815 15 15 15
12 36 1816 15 15 15
12 36 1817 15 15 15
12 36 1818 15 15 15
12 36 1819 15 15 15
12 36 1820 15 15 15
12 36 1821 15 15 15
12 36 1822 15 15 15
12 36 1823 15 15 15
12 36 1824 15 15 15
12 36 1825 15 15 15
12 36 1826 15 15 15
12 36 1827 15 15 15
12 36 1828 15 15 15
12 1094 1095 15 15 15
12 1094 2355 15 15 15
12 1095 2355 15 15 15
12 1812 1814 15 15 15
12 1812 1815 15 15 15
12 1812 1816 15 15 15
12 1812 1817 15 15 15
12 1812 1818 15 15 15
12 1813 1814 15 15 15
12 1813 1815 15 15 15
12 1813 1816 15 15 15
12 1813 1817 15 15 15
12 1813 1819 15 15 15
12 1813 1821 15 15 15
12 1813 1824 15 15 15
12 1813 1828 15 15 15
12 1814 1815 15 15 15
12 1814 1816 15 15 15
12 1814 1817 15 15 15
12 1814 1818 15 15 15
12 1814 1819 15 15 15
12 1814 1820 15 15 15
12 1814 1822 15 15 15
12 1814 1823 15 15 15
12 1814 1824 15 15 15
12 1814 1825 15 15 15
12 1814 1826 15 15 15
12 1814 1827 15 15 15
12 1814 1828 15 15 15
12 1815 1816 15 15 15
12 1815 1817 15 15 15
12 1815 1818 15 15 15
12 1815 1819 15 15 15
12 1815 1820 15 15 15
12 1815 1822 15 15 15
12 1815 1823 15 15 15
12 1815 1824 15 15 15
12 1815 1825 15 15 15
12 1815 1826 15 15 15
12 1815 1827 15 15 15
12 1815 1828 15 15 15
12 1816 1817 15 15 15
12 1816 1818 15 15 15
12 1816 1819 15 15 15
12 1816 1820 15 15 15
12 1816 1822 15 15 15
12 1816 1823 15 15 15
12 1816 1824 15 15 15
12 1816 1826 15 15 15
12 1816 1827 15 15 15
12 1816 1828 15 15 15
12 1817 1818 15 15 15
12 1817 1819 15 15 15
12 1817 1820 15 15 15
12 1817 1821 15 15 15
12 1817 1822 15 15 15
12 1817 1823 15 15 15
12 1817 1824 15 15 15
12 1817 1826 15 15 15
12 1817 1827 15 15 15
12 1817 1828 15 15 15
12 1822 1828 15 15 15
12 1826 1828 15 15 15
14 15 32 7 4 4
14 15 2156 7 4 4
14 15 2247 7 4 4
14 32 2247 4 4 4
15 32 2157 4 4 4
15 32 2158 4 4 4
15 32 2159 4 4 4
15 32 2160 4 4 4
15 32 2161 4 4 4
15 32 2247 4 4 4
15 2155 2157 4 4 4
15 2155 2158 4 4 4
15 2155 2159 4 4 4
15 2155 2160 4 4 4
15 2157 2158 4 4 4
15 2157 2159 4 4 4
15 2157 2160 4 4 4
15 2158 2159 4 4 4
15 2158 2160 4 4 4
15 2158 2161 4 4 4
15 2159 2160 4 4 4
15 2159 2161 4 4 4
15 2160 2161 4 4 4
24 52 63 4 4 4
24 52 1727 4 4 7
27 149 200 1 7 0
27 149 258 1 1 4
27 149 259 1 1 4
27 200 237 0 7 1
27 200 258 0 0 4
27 674 675 14 14 14
27 674 676 14 14 14
27 674 678 14 14 14
27 674 680 14 14 14
27 674 682 14 14 14
27 674 683 14 14 14
27 674 684 14 14 14
27 675 676 14 14 14
27 675 677 14 10 10
27 675 678 14 14 14
27 675 679 14 14 14
27 675 680 14 14 14
27 675 681 14 14 14
27 675 682 14 14 14
27 675 683 14 14 14
27 675 684 14 14 14
27 676 677 14 10 10
27 676 678 14 14 14
27 676 679 14 14 14
27 676 680 14 14 14
27 676 681 14 14 14
27 676 682 14 14 14
27 676 683 14 14 14
27 676 684 14 14 14
27 677 679 10 10 14
27 677 682 10 10 14
27 677 683 10 10 14
27 677 684 10 10 14
27 678 679 14 14 14
27 678 680 14 14 14
27 678 682 14 14 14
27 678 683 14 14 14
27 678 684 14 14 14
27 679 681 14 14 14
27 679 683 14 14 14
27 679 684 14 14 14
27 680 681 14 14 14
27 680 683 14 14 14
27 681 682 14 14 14
27 681 683 14 14 14
27 681 684 14 14 14
27 682 683 14 14 14
27 682 684 14 14 14
27 683 684 14 14 14
29 1094 1095 15 15 15
29 1094 2355 15 15 15
29 1095 2355 15 15 15
32 2157 2158 4 4 4
32 2157 2159 4 4 4
32 2157 2160 4 4 4
32 2158 2159 4 4 4
32 2158 2160 4 4 4
32 2158 2161 4 4 4
32 2159 2160 4 4 4
32 2159 2161 4 4 4
32 2160 2161 4 4 4
35 37 2267 4 7 4
35 37 2268 4 4 4
35 37 2269 4 4 4
35 37 2270 4 4 4
35 2267 2268 4 4 4
35 2267 2269 4 4 4
35 2267 2270 4 4 4
35 2268 2269 4 4 4
35 2268 2270 4 4 4
36 1812 1814 15 15 15
36 1812 1815 15 15 15
36 1812 1816 15 15 15
36 1812 1817 15 15 15
36 1812 1818 15 15 15
36 1813 1814 15 15 15
36 1813 1815 15 15 15
36 1813 1816 15 15 15
36 1813 1817 15 15 15
36 1813 1819 15 15 15
36 1813 1821 15 15 15
36 1813 1824 15 15 15
36 1813 1828 15 15 15
36 1814 1815 15 15 15
36 1814 1816 15 15 15
36 1814 1817 15 15 15
36 1814 1818 15 15 15
36 1814 1819 15 15 15
36 1814 1820 15 15 15
36 1814 1822 15 15 15
36 1814 1823 15 15 15
36 1814 1824 15 15 15
36 1814 1825 15 15 15
36 1814 1826 15 15 15
36 1814 1827 15 15 15
36 1814 1828 15 15 15
36 1815 1816 15 15 15
36 1815 1817 15 15 15
36 1815 1818 15 15 15
36 1815 1819 15 15 15
36 1815 1820 15 15 15
36 1815 1822 15 15 15
36 1815 1823 15 15 15
36 1815 1824 15 15 15
36 1815 1825 15 15 15
36 1815 1826 15 15 15
36 1815 1827 15 15 15
36 1815 1828 15 15 15
36 1816 1817 15 15 15
36 1816 1818 15 15 15
36 1816 1819 15 15 15
36 1816 1820 15 15 15
36 1816 1822 15 15 15
36 1816 1823 15 15 15
36 1816 1824 15 15 15
36 1816 1826 15 15 15
36 1816 1827 15 15 15
36 1816 1828 15 15 15
36 1817 1818 15 15 15
36 1817 1819 15 15 15
36 1817 1820 15 15 15
36 1817 1821 15 15 15
36 1817 1822 15 15 15
36 1817 1823 15 15 15
36 1817 1824 15 15 15
36 1817 1826 15 15 15
36 1817 1827 15 15 15
36 1817 1828 15 15 15
36 1822 1828 15 15 15
36 1826 1828 15 15 15
37 43 2266 0 0 7
37 43 2267 0 0 7
37 43 2272 0 4 4
37 2267 2268 7 4 4
37 2267 2269 7 4 4
37 2267 2270 7 4 4
37 2267 2271 7 4 4
37 2267 2272 7 4 4
37 2268 2269 4 4 4
37 2268 2270 4 4 4
37 2268 2271 4 4 4
37 2269 2271 4 4 4
37 2269 2272 4 4 4
37 2270 2272 4 4 4
37 2271 2272 4 4 4
43 2267 2272 0 4 4
45 54 55 5 5 5
45 54 56 5 1 1
45 54 59 5 5 5
45 54 65 5 0 0
45 55 56 5 1 1
45 55 59 5 5 5
45 55 65 5 0 0
45 56 59 1 1 5
45 56 65 1 7 0
45 56 101 1 4 3
45 59 65 5 0 0
45 59 101 5 1 3
48 342 343 1 4 1
48 342 344 1 4 1
48 342 345 1 5 5
48 343 344 1 5 1
48 343 345 1 4 5
48 344 345 1 4 5
52 63 1732 4 4 4
52 63 1733 4 7 4
52 63 1734 4 4 4
52 1732 1733 4 4 4
52 1732 1734 4 4 4
52 1733 1734 4 4 4
54 55 56 5 1 1
54 55 59 5 5 5
54 55 65 5 0 0
54 55 112 5 0 0
54 56 59 1 1 5
54 56 65 1 7 0
54 56 1098 1 5 5
54 56 1099 1 1 5
54 56 1100 1 4 2
54 56 1101 1 4 1
54 59 65 5 0 0
54 59 112 5 7 0
54 59 1098 5 5 5
54 59 1099 5 5 5
54 59 1101 5 1 1
54 65 1098 0 0 5
54 65 1099 0 0 5
54 65 1100 0 4 2
54 112 1098 0 0 5
54 112 1099 0 0 5
54 112 1101 0 7 1
54 1098 1099 5 5 5
54 1098 1100 5 2 2
54 1099 1100 5 2 2
54 1100 1101 2 0 1
55 56 59 1 1 5
55 56 65 1 7 0
55 59 65 5 0 0
55 59 112 5 7 0
56 59 65 1 0 7
56 59 101 1 1 4
56 59 1098 1 5 5
56 59 1099 1 5 1
56 59 1101 1 1 4
56 65 1098 7 0 5
56 65 1099 7 0 1
56 65 1100 7 4 4
56 101 1098 4 3 5
56 101 1099 4 1 1
56 101 1100 4 7 4
56 1098 1099 5 5 1
56 1098 1100 5 2 4
56 1099 1100 1 2 4
56 1100 1101 4 0 4
59 65 1098 0 0 5
59 65 1099 0 0 5
59 101 112 1 7 7
59 101 1098 1 3 5
59 101 1099 1 1 5
59 112 1098 7 0 5
59 112 1099 7 0 5
59 112 1101 7 7 1
59 1098 1099 5 5 5
63 1730 1732 12 7 4
63 1730 1733 12 4 7
63 1730 1734 12 4 4
63 1732 1733 4 4 7
63 1732 1734 4 4 4
63 1733 1734 7 4 4
65 1098 1099 0 5 0
65 1098 1100 0 2 4
65 1099 1100 0 2 4
71 249 1015 4 4 4
71 249 1016 4 4 4
71 249 1019 4 4 4
71 249 1029 4 4 4
71 1014 1015 7 4 4
71 1014 1016 7 4 4
71 1014 1021 7 4 4
71 1015 1016 4 4 4
71 1015 1017 4 4 4
71 1015 1019 4 4 4
71 1015 1021 4 4 4
71 1015 1023 4 4 7
71 1015 1029 4 4 4
71 1015 1030 4 4 4
71 1015 1032 4 4 7
71 1016 1017 4 7 4
71 1016 1019 4 4 4
71 1016 1021 4 4 4
71 1016 1023 4 4 7
71 1016 1029 4 4 4
71 1016 1030 4 4 4
71 1016 1032 4 7 7
71 1017 1019 4 4 4
71 1017 1021 4 4 4
71 1017 1023 4 4 7
71 1017 1029 4 4 4
71 1017 1030 4 4 4
71 1019 1021 4 4 4
71 1019 1023 4 4 7
71 1019 1029 4 4 4
71 1019 1030 4 4 4
71 1019 1032 4 4 7
71 1021 1023 4 4 7
71 1021 1029 4 7 4
71 1021 1030 4 4 4
71 1021 1032 4 7 7
71 1023 1029 7 4 4
71 1023 1032 7 4 7
71 1029 1030 4 4 4
71 1029 1032 4 4 7
71 1030 1032 4 4 7
73 104 128 15 15 15
74 2189 2190 15 15 15
79 347 348 4 4 4
90 113 129 4 4 4
90 113 131 4 4 4
90 129 131 4 4 4
90 129 137 4 4 4
90 129 184 4 4 4
90 131 137 4 4 4
90 131 184 4 4 4
90 137 184 4 4 4
95 602 603 15 15 15
101 112 1098 7 0 3
101 112 1099 7 0 1
101 1098 1099 3 5 1
101 1098 1100 3 2 7
101 1099 1100 1 2 7
104 123 128 15 15 15
104 123 1355 15 15 15
104 128 1355 15 15 15
105 113 131 4 4 4
105 131 184 4 4 4
105 131 194 4 4 4
105 131 1537 4 4 4
105 184 194 4 4 4
105 184 1537 4 4 4
105 194 1537 4 4 4
106 489 490 4 4 4
106 489 491 4 4 4
106 490 491 4 4 4
112 1098 1099 0 5 0
113 129 131 4 4 4
114 295 296 4 4 4
114 295 297 4 15 4
114 295 298 4 4 4
114 296 297 4 4 4
114 296 298 4 4 4
114 297 298 4 4 4
114 305 306 4 4 4
114 305 307 4 4 4
114 305 308 4 4 4
114 305 309 4 4 4
114 306 307 4 4 4
114 306 308 4 4 4
114 306 309 4 4 4
114 307 308 4 4 4
114 307 309 4 4 4
114 308 309 4 4 4
114 310 311 4 4 4
119 133 135 1 7 0
119 133 145 1 1 5
119 135 145 0 0 5
119 135 1634 0 4 1
119 145 1634 5 1 1
123 128 1355 15 15 15
129 131 137 4 4 4
129 131 184 4 4 4
129 137 184 4 4 4
131 137 184 4 4 4
131 137 194 4 4 4
131 184 194 4 4 4
131 184 1537 4 4 4
131 194 1537 4 4 4
133 135 145 7 0 1
135 145 1634 0 1 4
135 1633 1634 4 4 4
137 184 194 4 4 4
144 148 747 4 4 4
149 200 258 7 0 1
150 366 367 5 5 5
150 369 370 5 5 5
150 570 571 5 5 5
151 2191 2192 15 15 15
151 2191 2194 15 15 15
151 2192 2194 15 4 15
151 2194 2195 15 4 15
151 2256 2257 15 15 15
158 160 375 7 14 14
160 189 1178 4 15 4
160 189 1180 4 15 15
160 379 382 4 1 4
160 1165 1168 4 15 4
160 1168 1178 4 4 4
160 1220 1221 15 15 15
160 2000 2001 4 7 15
160 2000 2002 4 4 4
160 2001 2002 15 7 4
180 182 224 4 4 4
180 182 390 4 8 4
184 194 1537 4 4 4
184 1538 1539 4 4 4
186 1550 1551 15 15 15
186 1550 1552 15 15 15
186 1550 1553 15 4 15
186 1551 1552 15 15 15
187 1204 1206 4 15 15
187 1204 1207 4 15 15
187 1204 1214 4 15 15
187 1204 1215 4 15 15
187 1206 1207 15 15 15
187 1206 1212 15 4 15
187 1206 1213 15 10 10
187 1206 1214 15 15 15
187 1206 1215 15 15 15
187 1207 1214 15 15 15
187 1207 1215 15 15 15
187 1212 1214 15 15 15
187 1214 1215 15 15 15
188 191 1650 4 4 15
188 191 1652 4 4 15
188 191 1658 4 4 4
188 191 1661 4 4 15
188 1649 1652 15 15 15
188 1650 1652 15 15 15
188 1654 1656 15 15 15
188 1654 1657 15 4 15
188 1654 1658 15 15 4
188 1654 1661 15 4 15
188 1656 1657 15 15 15
188 1656 1658 15 15 4
188 1656 1661 15 15 15
188 1657 1658 15 15 4
188 1657 1661 15 15 15
188 1658 1661 4 15 15
189 1166 1173 4 4 15
189 1167 1175 15 4 4
189 1167 1176 15 4 15
189 1167 1177 15 4 4
189 1167 1178 15 15 15
189 1167 1180 15 15 15
189 1173 1178 15 4 15
189 1174 1176 4 4 15
189 1174 1178 4 4 15
189 1175 1177 4 4 4
189 1176 1178 15 4 15
190 1066 1068 15 15 15
190 1066 1069 15 15 15
190 1066 1072 15 15 15
190 1066 1075 15 15 15
190 1068 1072 15 15 15
190 1068 1073 15 15 15
190 1068 1075 15 15 15
190 1069 1072 15 15 15
190 1069 1073 15 15 15
190 1072 1073 15 15 15
190 1073 1075 15 15 15
190 1134 1135 15 15 15
190 1134 1136 15 15 15
190 1135 1136 15 15 15
190 1147 1148 15 15 15
190 1148 1150 15 15 15
190 1151 1152 15 15 15
190 1151 1153 15 15 15
190 1151 1157 15 15 15
190 1151 1159 15 15 15
190 1151 1160 15 15 15
190 1151 1161 15 15 15
190 1152 1153 15 15 15
190 1152 1157 15 15 15
190 1152 1160 15 15 15
190 1152 1161 15 15 15
190 1153 1157 15 15 15
190 1153 1159 15 15 15
190 1153 1161 15 15 15
190 1157 1160 15 15 15
190 1159 1160 15 15 15
190 1285 1286 15 15 15
190 1285 1288 15 15 15
190 1285 1289 15 15 15
190 1285 1290 15 15 15
190 1286 1288 15 15 15
190 1286 1289 15 15 15
190 1286 1290 15 15 15
190 1288 1289 15 15 15
190 1289 1290 15 15 15
190 1356 1358 15 15 15
190 1360 1361 15 15 15
190 1360 1362 15 15 15
190 1360 1363 15 15 15
190 1360 1365 15 15 15
190 1361 1362 15 15 15
190 1361 1363 15 15 15
190 1361 1365 15 15 15
190 1362 1363 15 15 15
190 1363 1365 15 15 15
190 1373 1374 15 15 15
190 1375 1376 15 15 15
190 1375 1377 15 15 15
190 1375 1378 15 15 15
190 1375 1379 15 15 15
190 1376 1377 15 15 15
190 1376 1378 15 15 15
190 1376 1379 15 15 15
190 1377 1378 15 15 15
190 1377 1379 15 15 15
190 1378 1379 15 15 15
190 1389 1390 15 15 15
190 1389 1391 15 15 15
190 1390 1391 15 15 15
190 1415 1417 4 15 4
190 1415 1418 4 15 15
190 1417 1418 4 15 15
190 1419 1420 15 15 15
190 1422 1424 15 15 15
190 1422 1426 15 15 15
190 1424 1426 15 15 15
190 1440 1441 15 15 15
190 1444 1445 15 15 15
190 1444 1447 15 15 15
190 1445 1447 15 15 15
190 1449 1450 15 15 15
190 1449 1451 15 15 15
190 1450 1451 15 15 15
190 1450 1457 15 15 15
190 1450 1461 15 15 15
190 1451 1455 15 15 15
190 1455 1457 15 15 15
190 1455 1461 15 15 15
190 1457 1461 15 15 15
190 1479 1481 15 15 15
190 1479 1482 15 15 15
190 1479 1483 15 15 15
190 1479 1484 15 15 15
190 1481 1482 15 15 15
190 1481 1483 15 15 15
190 1481 1484 15 15 15
190 1517 1518 15 15 15
190 1517 1519 15 15 15
190 1517 1523 15 15 15
190 1517 1526 15 15 15
190 1518 1519 15 15 15
190 1518 1523 15 15 15
190 1518 1526 15 15 15
190 1519 1521 15 15 15
190 1519 1523 15 15 15
190 1519 1526 15 15 15
190 1521 1523 15 15 15
190 1521 1526 15 15 15
190 1523 1526 15 15 15
190 1629 1630 15 15 15
190 1629 1631 15 15 15
190 1629 1632 15 15 15
190 1630 1631 15 15 15
190 1630 1632 15 15 15
190 1631 1632 15 15 15
190 1719 1720 8 15 8
190 1719 1721 8 15 15
190 1719 1723 8 8 15
190 1719 1726 8 8 15
190 1720 1721 8 8 15
190 1720 1722 8 15 8
190 1720 1726 8 15 15
190 1721 1722 15 8 8
190 1721 1726 15 15 15
190 1722 1726 8 15 15
190 1765 1766 15 15 15
190 1765 1770 15 8 15
190 1770 1772 15 15 15
190 1780 1781 15 15 15
190 1801 1802 15 15 15
190 1801 1803 15 15 15
190 1801 1804 15 15 15
190 1802 1803 15 15 15
190 1802 1804 15 15 15
190 1803 1804 15 15 15
190 1807 1808 15 15 15
190 1807 1809 15 15 15
190 1808 1809 15 15 15
190 1849 1850 15 15 15
190 1849 1852 15 15 15
190 1850 1852 15 15 15
190 1850 1854 15 15 8
190 1883 1884 11 15 15
190 1883 1885 11 15 15
190 1883 1886 11 8 15
190 1883 1887 11 15 15
190 1883 1889 11 11 15
190 1883 1890 11 11 15
190 1884 1885 15 15 15
190 1884 1886 15 15 15
190 1884 1887 15 15 15
190 1884 1889 15 15 15
190 1884 1890 15 15 15
190 1885 1886 15 15 15
190 1885 1887 15 15 15
190 1885 1889 15 15 15
190 1886 1887 15 15 15
190 1886 1889 15 15 15
190 1886 1890 15 15 15
190 1887 1889 15 15 15
190 1887 1890 15 15 15
190 1929 1930 15 15 15
190 1929 1931 15 15 15
190 1953 1954 4 15 15
190 1953 1955 4 15 15
190 1954 1955 15 15 15
190 2224 2226 15 15 15
190 2224 2227 15 15 15
190 2226 2227 15 15 15
190 2234 2235 15 15 15
190 2234 2238 15 15 15
190 2234 2240 15 15 15
190 2235 2238 15 15 15
190 2235 2240 15 15 15
190 2236 2237 8 15 8
190 2238 2240 15 15 15
191 1648 1650 4 4 4
191 1648 1651 4 4 4
191 1648 1652 4 4 4
191 1650 1651 4 4 4
191 1650 1652 4 15 4
191 1651 1652 4 4 4
191 1658 1661 4 15 4
203 2000 2001 1 7 0
203 2000 2002 1 4 1
203 2001 2002 0 7 1
203 2002 2005 1 4 0
207 1728 1729 4 4 4
213 232 409 4 15 15
213 232 410 4 4 15
213 409 410 15 4 15
216 1127 1129 14 14 14
216 1200 1202 14 14 14
218 1976 1977 4 4 4
229 1400 1401 4 4 4
232 409 410 15 4 4
234 996 998 14 14 14
241 2279 2280 15 15 15
241 2279 2281 15 15 15
241 2280 2281 15 15 15
242 243 725 15 15 11
242 243 726 15 15 15
242 243 727 15 15 15
242 243 728 15 15 15
242 243 738 15 15 11
242 243 741 15 15 15
242 725 726 11 15 15
242 725 727 11 15 15
242 725 728 11 15 15
242 726 727 15 15 15
242 726 728 15 15 15
242 727 728 15 15 15
242 738 739 11 11 15
242 738 741 11 15 15
243 245 738 15 15 15
243 245 740 15 15 15
243 245 741 15 15 15
243 604 605 15 15 15
243 604 606 15 15 11
243 604 607 15 15 15
243 605 606 15 15 11
243 605 607 15 15 15
243 605 608 15 15 15
243 606 607 11 15 15
243 725 726 15 15 15
243 725 727 15 15 15
243 725 728 15 15 15
243 725 729 15 11 15
243 726 727 15 15 15
243 726 728 15 15 15
243 726 729 15 15 15
243 727 728 15 15 15
243 727 729 15 15 15
243 728 729 15 15 15
243 738 740 15 15 15
243 738 741 15 15 15
243 740 741 15 15 15
245 483 484 15 15 15
245 483 485 15 15 15
245 484 485 15 15 15
245 738 740 15 15 15
245 738 741 15 15 15
245 740 741 15 15 15
249 1015 1016 4 4 4
249 1015 1018 4 4 4
249 1015 1019 4 4 4
249 1015 1020 4 4 4
249 1015 1025 4 4 4
249 1015 1029 4 4 4
249 1016 1018 4 4 4
249 1016 1019 4 4 4
249 1016 1022 4 4 4
249 1016 1025 4 4 4
249 1016 1029 4 4 4
249 1018 1020 4 4 4
249 1018 1029 4 4 4
249 1019 1029 4 4 4
249 1022 1025 4 4 4
249 1193 1194 4 4 4
249 1193 1195 4 4 4
249 1193 1196 4 4 4
249 1194 1195 4 4 4
249 1194 1196 4 4 4
249 1195 1196 4 4 4
256 1292 1293 4 4 4
268 269 270 4 4 4
268 269 271 4 4 4
268 270 271 4 4 4
269 270 271 4 4 4
276 277 279 15 15 15
276 277 280 15 15 15
276 278 279 15 15 15
276 278 280 15 15 15
276 278 281 15 15 15
276 279 280 15 15 15
276 279 281 15 15 15
276 280 281 15 15 15
277 279 280 15 15 15
278 279 280 15 15 15
278 279 281 15 15 15
278 280 281 15 15 15
279 280 281 15 15 15
284 285 286 14 14 14
284 285 287 14 14 14
284 285 289 14 14 14
284 285 290 14 14 14
284 286 287 14 14 14
284 286 288 14 14 14
284 286 289 14 14 14
284 286 290 14 14 14
284 287 288 14 14 14
284 287 289 14 14 14
284 287 290 14 14 14
284 288 289 14 14 14
284 289 290 14 14 14
285 286 287 14 14 14
285 286 289 14 14 14
285 286 290 14 14 14
285 287 289 14 14 14
285 287 290 14 14 14
285 289 290 14 14 14
286 287 288 14 14 14
286 287 289 14 14 14
286 287 290 14 14 14
286 288 289 14 14 14
286 289 290 14 14 14
287 288 289 14 14 14
287 289 290 14 14 14
295 296 297 4 4 15
295 296 298 4 4 4
295 297 298 15 4 4
296 297 298 4 4 4
305 306 307 4 4 4
305 306 308 4 4 4
305 306 309 4 4 4
305 307 308 4 4 4
305 307 309 4 4 4
305 308 309 4 4 4
306 307 308 4 4 4
306 307 309 4 4 4
306 308 309 4 4 4
307 308 309 4 4 4
312 313 314 4 4 4
317 318 319 1 1 3
317 318 321 1 4 1
317 319 320 3 4 3
317 320 321 3 0 1
342 343 344 4 5 4
342 343 345 4 4 5
342 344 345 4 4 5
343 344 345 5 4 4
377 378 379 7 4 4
377 378 381 7 4 4
377 378 382 7 4 3
377 379 381 4 4 4
377 379 382 4 1 3
377 380 381 1 4 4
377 380 382 1 1 3
377 381 382 4 4 3
378 379 381 4 4 4
378 379 382 4 1 4
378 381 382 4 4 4
379 381 382 4 4 1
380 381 382 4 4 1
403 404 405 4 4 1
403 404 407 4 4 7
403 404 408 4 4 1
403 405 407 1 4 7
403 405 408 1 4 1
403 406 407 7 4 7
403 407 408 7 4 1
404 405 407 4 4 4
404 405 408 4 4 4
404 407 408 4 4 4
405 407 408 4 4 4
433 435 439 4 4 4
434 436 437 4 4 4
434 436 440 4 4 4
434 437 438 4 4 4
434 437 439 4 4 4
434 437 440 4 4 4
434 438 439 4 4 4
434 438 440 4 4 4
434 439 440 4 4 4
435 437 438 7 4 4
435 437 439 7 4 4
435 437 440 7 4 4
435 438 439 4 4 4
435 438 440 4 4 4
435 439 440 4 4 4
436 437 440 4 4 4
437 438 439 4 4 4
437 438 440 4 4 4
437 439 440 4 4 4
438 439 440 4 4 4
452 453 454 4 4 4
463 464 465 15 15 15
463 464 466 15 15 15
463 464 467 15 15 15
463 464 468 15 15 15
463 464 470 15 15 15
463 465 466 15 15 15
463 467 468 15 15 15
463 467 470 15 15 15
463 468 470 15 15 15
464 465 466 15 15 15
464 467 468 15 15 15
464 467 470 15 15 15
464 468 470 15 15 15
467 468 470 15 15 15
471 472 473 15 15 15
483 484 485 15 15 15
489 490 491 4 4 4
489 490 492 4 4 4
489 491 492 4 4 4
490 491 492 4 4 4
505 506 507 15 15 15
505 506 508 15 15 15
505 506 509 15 15 15
505 507 508 15 15 15
505 507 509 15 15 15
505 508 509 15 15 15
506 507 508 15 15 15
506 507 509 15 15 15
506 508 509 15 15 15
507 508 509 15 15 15
515 516 517 4 4 4
520 521 522 12 12 12
520 521 523 12 12 12
520 522 523 12 12 12
521 522 523 12 12 12
536 537 538 1 4 4
536 537 539 1 4 4
536 538 539 4 4 4
537 538 539 4 4 4
544 545 546 5 0 0
579 580 581 0 1 7
594 595 596 12 12 12
594 595 597 12 12 12
594 595 598 12 12 12
594 595 599 12 12 12
594 596 597 12 12 12
594 596 598 12 12 12
594 596 599 12 12 12
594 597 598 12 4 12
594 597 599 12 12 12
594 598 599 12 12 12
595 596 597 12 12 12
595 596 598 12 12 12
595 596 599 12 12 12
595 597 598 12 4 12
595 597 599 12 12 12
595 598 599 12 12 12
596 597 598 12 4 12
596 597 599 12 12 12
596 598 599 12 12 12
597 598 599 4 12 12
604 605 606 15 15 15
604 605 607 15 15 15
604 606 607 15 15 15
605 606 607 15 15 15
621 623 624 12 12 12
625 626 627 4 4 4
625 626 628 4 4 4
625 627 628 4 4 4
626 627 628 4 4 4
674 675 676 14 14 14
674 675 678 14 14 14
674 675 680 14 14 14
674 675 682 14 14 14
674 675 683 14 14 14
674 675 684 14 14 14
674 676 678 14 14 14
674 676 680 14 14 14
674 676 682 14 14 14
674 676 683 14 14 14
674 676 684 14 14 14
674 678 680 14 14 14
674 678 682 14 14 14
674 678 683 14 14 14
674 678 684 14 14 14
674 680 683 14 14 14
674 682 683 14 14 14
674 682 684 14 14 14
674 683 684 14 14 14
675 676 677 14 10 10
675 676 678 14 14 14
675 676 679 14 14 14
675 676 680 14 14 14
675 676 681 14 14 14
675 676 682 14 14 14
675 676 683 14 14 14
675 676 684 14 14 14
675 677 679 10 10 14
675 677 682 10 10 14
675 677 683 10 10 14
675 677 684 10 10 14
675 678 679 14 14 14
675 678 680 14 14 14
675 678 682 14 14 14
675 678 683 14 14 14
675 678 684 14 14 14
675 679 681 14 14 14
675 679 683 14 14 14
675 679 684 14 14 14
675 680 681 14 14 14
675 680 683 14 14 14
675 681 682 14 14 14
675 681 683 14 14 14
675 681 684 14 14 14
675 682 683 14 14 14
675 682 684 14 14 14
675 683 684 14 14 14
676 677 679 10 10 14
676 677 682 10 10 14
676 677 683 10 10 14
676 677 684 10 10 14
676 678 679 14 14 14
676 678 680 14 14 14
676 678 682 14 14 14
676 678 683 14 14 14
676 678 684 14 14 14
676 679 681 14 14 14
676 679 683 14 14 14
676 679 684 14 14 14
676 680 681 14 14 14
676 680 683 14 14 14
676 681 682 14 14 14
676 681 683 14 14 14
676 681 684 14 14 14
676 682 683 14 14 14
676 682 684 14 14 14
676 683 684 14 14 14
677 679 683 10 14 10
677 679 684 10 14 10
677 682 683 10 14 10
677 682 684 10 14 10
677 683 684 10 14 10
678 679 683 14 14 14
678 679 684 14 14 14
678 680 683 14 14 14
678 682 683 14 14 14
678 682 684 14 14 14
678 683 684 14 14 14
679 681 683 14 14 14
679 681 684 14 14 14
679 683 684 14 14 14
680 681 683 14 14 14
681 682 683 14 14 14
681 682 684 14 14 14
681 683 684 14 14 14
682 683 684 14 14 14
686 687 688 0 7 1
695 696 697 4 4 4
699 701 702 15 15 15
699 701 703 15 15 15
699 701 704 15 15 15
699 702 705 15 15 15
699 703 704 15 15 15
701 703 704 15 15 15
725 726 727 15 15 15
725 726 728 15 15 15
725 726 729 15 15 11
725 727 728 15 15 15
725 727 729 15 15 11
725 728 729 15 15 11
726 727 728 15 15 15
726 727 729 15 15 15
726 728 729 15 15 15
727 728 729 15 15 15
738 740 741 15 15 15
743 744 745 12 12 12
793 794 795 15 15 15
794 795 796 15 15 15
800 801 802 15 15 15
845 846 847 2 5 2
845 846 848 2 0 0
845 847 848 2 0 0
846 847 848 5 0 0
859 860 861 6 6 6
859 860 862 6 6 6
859 860 863 6 6 6
859 861 862 6 6 6
859 861 863 6 6 6
859 862 863 6 6 6
860 861 862 6 6 6
860 861 863 6 6 6
860 862 863 6 6 6
861 862 863 6 6 6
873 874 875 1 4 1
873 874 876 1 4 5
873 875 876 1 1 5
874 875 876 4 1 4
909 911 912 14 14 14
918 919 920 14 14 14
918 919 921 14 14 14
918 920 921 14 14 14
919 920 921 14 14 14
943 944 945 5 0 0
943 944 946 5 1 1
943 945 946 0 7 1
944 945 946 0 7 1
950 951 952 15 15 15
954 955 956 1 5 1
954 955 957 1 0 7
954 956 957 1 0 7
955 956 957 5 0 0
955 956 958 5 2 2
959 960 962 14 14 14
959 960 963 14 14 14
959 960 964 14 14 14
959 960 965 14 14 14
959 960 967 14 14 14
959 960 975 14 14 14
959 962 963 14 14 14
959 962 964 14 14 14
959 962 967 14 14 14
959 962 971 14 14 14
959 962 976 14 14 14
959 962 978 14 14 14
959 963 964 14 14 14
959 963 965 14 14 14
959 963 967 14 14 14
959 963 971 14 14 14
959 963 972 14 14 14
959 963 978 14 14 14
959 964 965 14 14 14
959 965 971 14 14 14
959 965 976 14 14 14
959 967 968 14 14 14
959 967 971 14 14 14
959 967 973 14 14 14
959 967 976 14 14 14
959 967 978 14 14 14
959 968 972 14 14 14
959 968 973 14 14 14
959 968 975 14 14 14
959 971 972 14 14 14
959 971 975 14 14 14
959 971 978 14 14 14
959 972 973 14 14 14
959 972 979 14 14 14
959 973 975 14 14 14
959 975 979 14 14 14
959 976 978 14 14 14
959 976 979 14 14 14
959 978 979 14 14 14
960 962 963 14 14 14
960 962 964 14 14 14
960 962 967 14 14 14
960 962 969 14 14 14
960 962 970 14 14 14
960 963 964 14 14 14
960 963 965 14 14 14
960 963 966 14 14 14
960 963 967 14 14 14
960 963 969 14 14 14
960 963 970 14 14 14
960 964 965 14 14 14
960 965 966 14 14 14
960 965 969 14 14 14
960 965 970 14 14 14
960 966 967 14 14 14
960 966 969 14 14 14
960 966 970 14 14 14
960 969 970 14 14 14
960 970 975 14 14 14
961 963 965 14 14 14
962 963 964 14 14 14
962 963 967 14 14 14
962 963 969 14 14 14
962 963 970 14 14 14
962 963 971 14 14 14
962 963 978 14 14 14
962 963 980 14 14 14
962 964 980 14 14 14
962 967 971 14 14 14
962 967 976 14 14 14
962 967 978 14 14 14
962 969 970 14 14 14
962 969 971 14 14 14
962 969 974 14 14 14
962 969 976 14 14 14
962 969 978 14 14 14
962 970 971 14 14 14
962 970 974 14 14 14
962 970 976 14 14 14
962 971 978 14 14 14
962 971 980 14 14 14
962 974 978 14 14 14
962 974 980 14 14 14
962 976 978 14 14 14
963 964 965 14 14 14
963 964 980 14 14 14
963 965 966 14 14 14
963 965 969 14 14 14
963 965 970 14 14 14
963 965 971 14 14 14
963 966 967 14 14 14
963 966 969 14 14 14
963 966 970 14 14 14
963 966 971 14 14 14
963 966 972 14 14 14
963 967 971 14 14 14
963 967 978 14 14 14
963 969 970 14 14 14
963 969 971 14 14 14
963 969 972 14 14 14
963 969 978 14 14 14
963 970 971 14 14 14
963 970 972 14 14 14
963 971 972 14 14 14
963 971 978 14 14 14
963 971 980 14 14 14
963 972 980 14 14 14
965 966 969 14 14 14
965 966 970 14 14 14
965 966 971 14 14 14
965 969 970 14 14 14
965 969 971 14 14 14
965 969 976 14 14 14
965 970 971 14 14 14
965 970 976 14 14 14
965 970 977 14 14 14
965 976 977 14 14 14
966 967 971 14 14 14
966 969 970 14 14 14
966 969 971 14 14 14
966 969 972 14 14 14
966 969 974 14 14 14
966 969 979 14 14 14
966 970 971 14 14 14
966 970 972 14 14 14
966 970 974 14 14 14
966 970 979 14 14 14
966 971 972 14 14 14
966 972 974 14 14 14
966 972 979 14 14 14
967 968 973 14 14 14
967 971 978 14 14 14
967 976 978 14 14 14
968 972 973 14 14 14
968 972 974 14 14 14
968 973 974 14 14 14
968 973 975 14 14 14
968 974 975 14 14 14
969 970 971 14 14 14
969 970 972 14 14 14
969 970 974 14 14 14
969 970 976 14 14 14
969 970 979 14 14 14
969 971 972 14 14 14
969 971 978 14 14 14
969 972 974 14 14 14
969 972 979 14 14 14
969 974 978 14 14 14
969 976 978 14 14 14
969 976 979 14 14 14
969 978 979 14 14 14
970 971 972 14 14 14
970 971 975 14 14 14
970 972 973 14 14 14
970 972 974 14 14 14
970 972 979 14 14 14
970 973 974 14 14 14
970 973 975 14 14 14
970 974 975 14 14 14
970 974 977 14 14 14
970 975 977 14 14 14
970 975 979 14 14 14
970 976 977 14 14 14
970 976 979 14 14 14
971 972 980 14 14 14
971 975 980 14 14 14
972 973 974 14 14 14
972 974 980 14 14 14
973 974 975 14 14 14
974 975 977 14 14 14
974 975 980 14 14 14
974 977 980 14 14 14
975 977 980 14 14 14
976 978 979 14 14 14
981 982 983 4 7 7
1003 1004 1005 15 15 15
1014 1015 1016 4 4 4
1014 1015 1018 4 4 4
1014 1015 1020 4 4 4
1014 1015 1021 4 4 4
1014 1015 1027 4 4 4
1014 1015 1028 4 4 4
1014 1016 1018 4 4 4
1014 1016 1021 4 4 4
1014 1016 1027 4 4 4
1014 1016 1031 4 4 4
1014 1018 1020 4 4 4
1014 1018 1021 4 4 4
1014 1018 1027 4 4 4
1014 1018 1028 4 4 4
1014 1020 1027 4 4 4
1014 1020 1028 4 4 4
1014 1021 1031 4 4 4
1014 1027 1028 4 4 4
1015 1016 1017 4 7 4
1015 1016 1018 4 4 4
1015 1016 1019 4 4 4
1015 1016 1021 4 4 4
1015 1016 1023 4 4 4
1015 1016 1024 4 4 4
1015 1016 1025 4 4 4
1015 1016 1027 4 4 4
1015 1016 1029 4 4 4
1015 1016 1030 4 4 4
1015 1016 1032 4 7 4
1015 1017 1018 4 4 4
1015 1017 1019 4 4 4
1015 1017 1020 4 4 4
1015 1017 1021 4 4 4
1015 1017 1023 4 4 4
1015 1017 1025 4 4 4
1015 1017 1026 4 4 4
1015 1017 1027 4 4 4
1015 1017 1029 4 4 4
1015 1017 1030 4 4 4
1015 1018 1020 4 4 4
1015 1018 1021 4 4 4
1015 1018 1023 4 4 4
1015 1018 1026 4 4 4
1015 1018 1027 4 4 4
1015 1018 1028 4 4 4
1015 1018 1029 4 4 4
1015 1018 1030 4 4 4
1015 1019 1021 4 4 4
1015 1019 1023 4 4 4
1015 1019 1024 4 4 4
1015 1019 1029 4 4 4
1015 1019 1030 4 4 4
1015 1019 1032 4 4 4
1015 1020 1026 4 4 4
1015 1020 1027 4 4 4
1015 1020 1028 4 4 4
1015 1021 1023 4 4 4
1015 1021 1025 4 4 4
1015 1021 1029 4 7 4
1015 1021 1030 4 4 4
1015 1021 1032 4 7 4
1015 1023 1029 4 4 4
1015 1023 1032 4 4 4
1015 1024 1030 4 4 4
1015 1026 1027 4 4 4
1015 1026 1028 4 4 4
1015 1026 1030 4 4 4
1015 1027 1028 4 4 4
1015 1027 1030 4 4 4
1015 1028 1030 4 4 4
1015 1029 1030 4 4 4
1015 1029 1032 4 4 4
1015 1030 1032 4 4 4
1016 1017 1018 7 4 4
1016 1017 1019 7 4 4
1016 1017 1021 7 4 4
1016 1017 1022 7 4 4
1016 1017 1023 7 4 4
1016 1017 1025 7 4 4
1016 1017 1027 7 4 4
1016 1017 1029 7 4 4
1016 1017 1030 7 4 4
1016 1018 1021 4 4 4
1016 1018 1023 4 4 4
1016 1018 1027 4 4 4
1016 1018 1029 4 4 4
1016 1018 1030 4 4 4
1016 1019 1021 4 4 4
1016 1019 1023 4 4 4
1016 1019 1024 4 4 4
1016 1019 1029 4 4 4
1016 1019 1030 4 4 4
1016 1019 1032 4 4 7
1016 1021 1022 4 4 4
1016 1021 1023 4 4 4
1016 1021 1025 4 4 4
1016 1021 1029 4 7 4
1016 1021 1030 4 4 4
1016 1021 1031 4 4 4
1016 1021 1032 4 7 7
1016 1022 1024 4 4 4
1016 1022 1025 4 4 4
1016 1023 1029 4 4 4
1016 1023 1032 4 4 7
1016 1024 1030 4 4 4
1016 1024 1031 4 4 4
1016 1027 1030 4 4 4
1016 1029 1030 4 4 4
1016 1029 1032 4 4 7
1016 1030 1032 4 4 7
1017 1018 1020 4 4 4
1017 1018 1021 4 4 4
1017 1018 1023 4 4 4
1017 1018 1026 4 4 4
1017 1018 1027 4 4 4
1017 1018 1029 4 4 4
1017 1018 1030 4 4 4
1017 1019 1021 4 4 4
1017 1019 1023 4 4 4
1017 1019 1029 4 4 4
1017 1019 1030 4 4 4
1017 1020 1026 4 4 4
1017 1020 1027 4 4 4
1017 1021 1022 4 4 4
1017 1021 1023 4 4 4
1017 1021 1025 4 4 4
1017 1021 1029 4 7 4
1017 1021 1030 4 4 4
1017 1022 1025 4 4 4
1017 1023 1029 4 4 4
1017 1026 1027 4 4 4
1017 1026 1030 4 4 4
1017 1027 1030 4 4 4
1017 1029 1030 4 4 4
1018 1020 1026 4 4 4
1018 1020 1027 4 4 4
1018 1020 1028 4 4 4
1018 1021 1023 4 4 4
1018 1021 1029 4 7 4
1018 1021 1030 4 4 4
1018 1023 1029 4 4 4
1018 1026 1027 4 4 4
1018 1026 1028 4 4 4
1018 1026 1030 4 4 4
1018 1027 1028 4 4 4
1018 1027 1030 4 4 4
1018 1028 1030 4 4 4
1018 1029 1030 4 4 4
1019 1021 1023 4 4 4
1019 1021 1029 4 7 4
1019 1021 1030 4 4 4
1019 1021 1032 4 7 4
1019 1023 1029 4 4 4
1019 1023 1032 4 4 4
1019 1024 1030 4 4 4
1019 1029 1030 4 4 4
1019 1029 1032 4 4 4
1019 1030 1032 4 4 4
1020 1026 1027 4 4 4
1020 1026 1028 4 4 4
1020 1027 1028 4 4 4
1021 1022 1025 4 4 4
1021 1023 1029 4 4 7
1021 1023 1032 4 4 7
1021 1029 1030 7 4 4
1021 1029 1032 7 4 7
1021 1030 1032 4 4 7
1023 1029 1032 4 4 4
1026 1027 1028 4 4 4
1026 1027 1030 4 4 4
1026 1028 1030 4 4 4
1027 1028 1030 4 4 4
1029 1030 1032 4 4 4
1035 1036 1037 15 15 15
1035 1036 1038 15 15 15
1035 1037 1038 15 15 15
1036 1037 1038 15 15 15
1049 1052 1053 15 15 4
1049 1052 1054 15 15 15
1049 1052 1056 15 15 15
1049 1052 1059 15 15 15
1049 1052 1060 15 15 15
1049 1053 1054 4 15 15
1049 1053 1056 4 15 15
1049 1053 1059 4 15 15
1049 1054 1059 15 15 15
1049 1054 1060 15 15 15
1049 1056 1059 15 15 15
1050 1051 1055 15 8 8
1050 1051 1056 15 15 15
1050 1051 1057 15 15 15
1050 1051 1058 15 15 15
1050 1055 1056 8 8 15
1050 1056 1057 15 15 15
1050 1056 1058 15 15 15
1050 1057 1058 15 15 15
1051 1055 1056 8 8 15
1051 1056 1057 15 15 15
1051 1056 1058 15 15 15
1051 1057 1058 15 15 15
1052 1053 1054 15 15 15
1052 1053 1056 15 15 15
1052 1053 1059 15 15 15
1052 1054 1059 15 15 15
1052 1054 1060 15 15 15
1052 1056 1059 15 15 15
1053 1054 1059 15 15 15
1053 1056 1059 15 15 15
1056 1057 1058 15 15 15
1066 1067 1068 15 15 15
1066 1067 1069 15 15 15
1066 1067 1070 15 15 15
1066 1067 1072 15 15 15
1066 1068 1070 15 15 15
1066 1068 1072 15 15 15
1066 1068 1075 15 15 15
1066 1069 1070 15 15 15
1066 1069 1072 15 15 15
1066 1070 1072 15 15 15
1067 1068 1070 15 15 15
1067 1068 1072 15 15 15
1067 1069 1070 15 15 15
1067 1069 1072 15 15 15
1067 1070 1072 15 15 15
1068 1070 1072 15 15 15
1068 1072 1073 15 15 15
1068 1073 1075 15 15 15
1069 1070 1071 15 15 15
1069 1070 1072 15 15 15
1069 1071 1072 15 15 15
1069 1071 1073 15 15 15
1069 1072 1073 15 15 15
1070 1071 1072 15 15 15
1071 1072 1073 15 15 15
1082 1083 1084 15 15 15
1082 1083 1085 15 15 15
1082 1083 1086 15 15 15
1082 1083 1087 15 15 15
1082 1083 1088 15 15 15
1082 1084 1085 15 15 15
1082 1084 1086 15 15 15
1082 1084 1087 15 15 15
1082 1084 1088 15 15 15
1082 1085 1086 15 15 15
1082 1085 1088 15 15 15
1083 1084 1085 15 15 15
1083 1084 1086 15 15 15
1083 1084 1087 15 15 15
1083 1084 1088 15 15 15
1083 1084 1089 15 15 15
1083 1084 1091 15 15 15
1083 1085 1086 15 15 15
1083 1085 1088 15 15 15
1083 1085 1089 15 15 15
1083 1086 1089 15 15 15
1083 1088 1089 15 15 15
1083 1088 1091 15 15 15
1083 1089 1091 15 15 15
1084 1085 1086 15 15 15
1084 1085 1088 15 15 15
1084 1085 1089 15 15 15
1084 1086 1089 15 15 15
1084 1088 1089 15 15 15
1084 1088 1090 15 15 15
1084 1088 1091 15 15 15
1084 1089 1090 15 15 15
1084 1089 1091 15 15 15
1084 1090 1091 15 15 15
1085 1086 1089 15 15 15
1085 1088 1089 15 15 15
1088 1089 1090 15 15 15
1088 1089 1091 15 15 15
1088 1090 1091 15 15 15
1089 1090 1091 15 15 15
1094 1095 2355 15 15 15
1098 1099 1100 5 2 2
1103 1104 1105 15 15 15
1103 1104 1106 15 15 15
1103 1105 1106 15 15 15
1104 1105 1106 15 15 15
1117 1118 1119 15 15 15
1121 1122 1123 15 15 15
1121 1122 1124 15 15 15
1121 1122 1125 15 15 15
1121 1123 1124 15 15 15
1121 1124 1125 15 15 15
1122 1123 1124 15 15 15
1122 1123 1126 15 15 15
1122 1124 1125 15 15 15
1122 1125 1126 15 15 15
1127 1128 1129 14 14 14
1134 1135 1136 15 15 15
1139 1140 1141 1 1 7
1139 1140 1142 1 4 4
1139 1140 1143 1 1 7
1139 1141 1142 7 4 4
1139 1141 1143 7 4 7
1140 1141 1142 1 4 4
1140 1141 1143 1 4 1
1144 1145 1146 15 15 15
1147 1148 1149 15 15 15
1148 1149 1150 15 15 15
1151 1152 1153 15 15 15
1151 1152 1154 15 1 0
1151 1152 1155 15 15 15
1151 1152 1157 15 15 15
1151 1152 1160 15 15 15
1151 1152 1161 15 15 15
1151 1153 1157 15 15 15
1151 1153 1159 15 15 15
1151 1153 1161 15 15 15
1151 1155 1157 15 4 15
1151 1155 1160 15 15 15
1151 1157 1160 15 15 15
1151 1159 1160 15 15 15
1152 1153 1157 15 15 15
1152 1153 1161 15 15 15
1152 1155 1156 15 15 15
1152 1155 1157 15 4 15
1152 1155 1158 15 15 4
1152 1155 1160 15 15 15
1152 1156 1157 15 15 15
1152 1156 1158 15 15 4
1152 1156 1160 15 15 15
1152 1157 1158 15 15 4
1152 1157 1160 15 15 15
1152 1158 1160 4 15 15
1155 1156 1157 15 15 4
1155 1156 1158 15 15 15
1155 1156 1160 15 15 15
1155 1157 1158 4 15 15
1155 1157 1160 4 15 15
1155 1158 1160 15 15 15
1156 1157 1158 15 15 15
1156 1157 1160 15 15 15
1156 1158 1160 15 15 15
1157 1158 1160 15 15 15
1165 1167 1168 4 4 15
1165 1167 1169 4 4 15
1165 1167 1171 4 4 15
1165 1168 1171 15 15 15
1165 1169 1170 15 4 15
1165 1169 1172 15 15 15
1165 1170 1172 15 15 15
1166 1168 1173 4 15 4
1167 1168 1171 4 15 4
1167 1168 1178 4 4 15
1167 1168 1179 4 4 4
1167 1169 1175 4 4 4
1167 1169 1179 4 4 4
1167 1171 1178 4 15 15
1167 1171 1179 4 4 4
1167 1175 1177 4 4 4
1167 1176 1178 4 4 15
1168 1171 1178 15 15 4
1168 1171 1179 15 4 4
1168 1173 1178 15 4 4
1168 1174 1178 4 4 4
1169 1170 1172 4 15 15
1169 1170 1179 4 4 4
1174 1176 1178 4 4 4
1190 1191 1192 15 15 15
1193 1194 1195 4 4 4
1193 1194 1196 4 4 4
1193 1195 1196 4 4 4
1194 1195 1196 4 4 4
1200 1201 1202 14 14 14
1200 1201 1203 14 14 14
1200 1202 1203 14 14 14
1201 1202 1203 14 14 14
1204 1206 1207 15 15 15
1204 1206 1208 15 10 15
1204 1206 1209 15 15 15
1204 1206 1210 15 10 10
1204 1206 1211 15 10 10
1204 1206 1214 15 15 15
1204 1206 1215 15 15 15
1204 1206 1216 15 7 4
1204 1206 1217 15 10 10
1204 1207 1208 15 10 15
1204 1207 1214 15 15 15
1204 1207 1215 15 15 15
1204 1207 1216 15 10 4
1204 1208 1214 15 4 15
1204 1208 1216 15 4 4
1204 1209 1214 15 15 15
1204 1210 1211 10 4 10
1204 1214 1215 15 15 15
1204 1214 1216 15 10 4
1204 1215 1217 15 10 10
1205 1206 1210 10 10 15
1205 1206 1211 10 10 4
1205 1206 1212 10 4 10
1205 1210 1211 15 4 4
1206 1207 1208 15 10 10
1206 1207 1214 15 15 15
1206 1207 1215 15 15 15
1206 1207 1216 15 10 7
1206 1208 1214 10 4 15
1206 1208 1216 10 4 7
1206 1209 1214 15 15 15
1206 1210 1211 10 4 10
1206 1212 1214 4 15 15
1206 1214 1215 15 15 15
1206 1214 1216 15 10 7
1206 1215 1217 15 10 10
1207 1208 1214 10 4 15
1207 1208 1216 10 4 10
1207 1214 1215 15 15 15
1207 1214 1216 15 10 10
1208 1214 1216 4 10 4
1243 1244 1245 4 5 5
1243 1244 1246 4 5 5
1243 1245 1246 5 5 5
1244 1245 1246 5 5 5
1244 1245 1247 5 0 0
1244 1246 1247 5 0 0
1245 1246 1247 5 0 0
1248 1249 1250 14 14 14
1268 1270 1272 4 7 4
1268 1271 1272 4 4 4
1269 1270 1272 4 7 4
1269 1271 1272 4 4 4
1269 1271 1273 4 4 4
1269 1273 1274 4 4 4
1273 1274 1275 4 4 4
1284 1285 1289 15 15 15
1285 1286 1287 15 15 15
1285 1286 1288 15 15 15
1285 1286 1289 15 15 15
1285 1286 1290 15 15 15
1285 1286 1291 15 15 15
1285 1287 1288 15 15 15
1285 1288 1289 15 15 15
1285 1289 1290 15 15 15
1285 1289 1291 15 15 15
1285 1290 1291 15 15 15
1286 1287 1288 15 15 15
1286 1288 1289 15 15 15
1286 1289 1290 15 15 15
1286 1289 1291 15 15 15
1286 1290 1291 15 15 15
1289 1290 1291 15 15 15
1292 1293 1302 4 7 7
1298 1299 1300 4 4 4
1299 1300 1301 4 4 4
1309 1310 1311 13 8 8
1309 1310 1313 13 8 8
1309 1310 1314 13 8 8
1309 1310 1315 13 8 8
1309 1311 1313 8 8 8
1309 1311 1314 8 8 8
1309 1313 1314 8 4 8
1309 1314 1315 8 4 8
1310 1311 1313 8 8 8
1310 1311 1314 8 8 8
1310 1313 1314 8 4 8
1310 1314 1315 8 4 8
1311 1312 1314 8 8 8
1311 1313 1314 8 4 8
1316 1317 1319 4 4 4
1316 1317 1320 4 4 4
1316 1317 1321 4 4 4
1316 1318 1320 4 4 4
1316 1318 1321 4 4 4
1316 1319 1320 4 4 4
1317 1319 1320 4 4 4
1324 1325 1326 4 4 4
1324 1325 1327 4 4 4
1324 1326 1327 4 4 4
1325 1326 1327 4 4 4
1329 1330 1333 7 0 1
1329 1330 1334 7 0 1
1329 1331 1332 4 4 4
1329 1331 1333 4 1 1
1329 1331 1335 4 7 4
1329 1331 1336 4 1 1
1329 1332 1334 4 1 1
1329 1332 1335 4 4 4
1329 1332 1336 4 1 1
1329 1333 1334 1 5 1
1329 1333 1335 1 0 4
1329 1333 1336 1 5 1
1329 1334 1335 1 0 4
1329 1335 1336 4 0 1
1330 1333 1334 0 5 0
1331 1332 1335 4 4 7
1331 1332 1336 4 1 1
1331 1333 1335 1 0 7
1331 1333 1336 1 5 1
1331 1335 1336 7 0 1
1332 1334 1335 1 0 4
1332 1335 1336 4 0 1
1333 1334 1335 5 0 0
1333 1335 1336 0 0 5
1337 1338 1340 4 4 4
1337 1338 1341 4 4 4
1337 1338 1342 4 4 4
1337 1338 1343 4 4 4
1337 1338 1344 4 4 4
1337 1338 1345 4 4 4
1337 1338 1346 4 4 4
1337 1338 1347 4 4 4
1337 1338 1348 4 4 4
1337 1338 1349 4 4 4
1337 1340 1343 4 4 4
1337 1340 1344 4 4 4
1337 1340 1345 4 4 4
1337 1340 1347 4 4 4
1337 1340 1349 4 7 4
1337 1341 1342 4 4 4
1337 1341 1343 4 4 4
1337 1341 1344 4 4 4
1337 1341 1345 4 4 4
1337 1341 1346 4 4 4
1337 1341 1349 4 4 4
1337 1342 1343 4 4 4
1337 1342 1344 4 4 4
1337 1342 1348 4 4 4
1337 1342 1350 4 7 4
1337 1343 1344 4 4 4
1337 1343 1345 4 4 4
1337 1343 1346 4 4 4
1337 1343 1347 4 4 4
1337 1343 1348 4 4 4
1337 1343 1349 4 4 4
1337 1343 1350 4 4 4
1337 1344 1345 4 4 4
1337 1344 1347 4 4 4
1337 1344 1349 4 4 4
1337 1345 1347 4 4 4
1337 1345 1348 4 4 4
1337 1345 1349 4 4 4
1337 1346 1348 4 4 4
1337 1346 1349 4 4 4
1337 1346 1350 4 4 4
1337 1347 1348 4 4 4
1337 1347 1349 4 4 4
1337 1347 1350 4 4 4
1337 1348 1349 4 4 4
1337 1348 1350 4 4 4
1337 1349 1350 4 4 4
1338 1340 1343 4 4 4
1338 1340 1344 4 4 4
1338 1340 1345 4 4 4
1338 1340 1347 4 4 4
1338 1340 1349 4 7 4
1338 1341 1342 4 4 4
1338 1341 1343 4 4 4
1338 1341 1344 4 4 4
1338 1341 1345 4 4 4
1338 1341 1346 4 4 4
1338 1341 1349 4 4 4
1338 1342 1343 4 4 4
1338 1342 1344 4 4 4
1338 1342 1348 4 4 4
1338 1343 1344 4 4 4
1338 1343 1345 4 4 4
1338 1343 1346 4 4 4
1338 1343 1347 4 4 4
1338 1343 1348 4 4 4
1338 1343 1349 4 4 4
1338 1344 1345 4 4 4
1338 1344 1347 4 4 4
1338 1344 1349 4 4 4
1338 1345 1347 4 4 4
1338 1345 1348 4 4 4
1338 1345 1349 4 4 4
1338 1346 1348 4 4 4
1338 1346 1349 4 4 4
1338 1347 1348 4 4 4
1338 1347 1349 4 4 4
1338 1348 1349 4 4 4
1339 1342 1343 0 4 0
1339 1342 1344 0 4 4
1339 1342 1350 0 7 1
1339 1343 1344 0 4 4
1339 1343 1345 0 4 4
1339 1343 1347 0 4 4
1339 1343 1350 0 4 1
1339 1344 1345 4 4 4
1339 1344 1347 4 4 4
1339 1345 1347 4 4 4
1339 1347 1350 4 4 1
1340 1343 1344 4 4 4
1340 1343 1345 4 4 4
1340 1343 1347 4 4 4
1340 1343 1349 4 4 7
1340 1344 1345 4 4 4
1340 1344 1347 4 4 4
1340 1344 1349 4 4 7
1340 1345 1347 4 4 4
1340 1345 1349 4 4 7
1340 1347 1349 4 4 7
1341 1342 1343 4 4 4
1341 1342 1344 4 4 4
1341 1343 1344 4 4 4
1341 1343 1345 4 4 4
1341 1343 1346 4 4 4
1341 1343 1349 4 4 4
1341 1344 1345 4 4 4
1341 1344 1349 4 4 4
1341 1345 1349 4 4 4
1341 1346 1349 4 4 4
1342 1343 1344 4 4 4
1342 1343 1348 4 4 4
1342 1343 1350 4 4 7
1342 1348 1350 4 4 7
1343 1344 1345 4 4 4
1343 1344 1347 4 4 4
1343 1344 1349 4 4 4
1343 1345 1347 4 4 4
1343 1345 1348 4 4 4
1343 1345 1349 4 4 4
1343 1346 1348 4 4 4
1343 1346 1349 4 4 4
1343 1346 1350 4 4 4
1343 1347 1348 4 4 4
1343 1347 1349 4 4 4
1343 1347 1350 4 4 4
1343 1348 1349 4 4 4
1343 1348 1350 4 4 4
1343 1349 1350 4 4 4
1344 1345 1347 4 4 4
1344 1345 1349 4 4 4
1344 1347 1349 4 4 4
1345 1347 1348 4 4 4
1345 1347 1349 4 4 4
1345 1348 1349 4 4 4
1346 1348 1349 4 4 4
1346 1348 1350 4 4 4
1346 1349 1350 4 4 4
1347 1348 1349 4 4 4
1347 1348 1350 4 4 4
1347 1349 1350 4 4 4
1348 1349 1350 4 4 4
1351 1353 1354 4 12 12
1356 1357 1358 15 15 15
1356 1357 1359 15 15 15
1356 1358 1359 15 15 15
1357 1358 1359 15 15 15
1360 1361 1362 15 15 15
1360 1361 1363 15 15 15
1360 1361 1364 15 15 15
1360 1361 1365 15 15 15
1360 1362 1363 15 15 15
1360 1362 1364 15 15 15
1360 1363 1364 15 15 15
1360 1363 1365 15 15 15
1361 1362 1363 15 15 15
1361 1362 1364 15 15 15
1361 1363 1364 15 15 15
1361 1363 1365 15 15 15
1362 1363 1364 15 15 15
1368 1369 1370 15 15 15
1371 1372 1373 15 15 15
1371 1372 1374 15 15 15
1371 1373 1374 15 15 15
1372 1373 1374 15 15 15
1375 1376 1377 15 15 15
1375 1376 1378 15 15 15
1375 1376 1379 15 15 15
1375 1377 1378 15 15 15
1375 1377 1379 15 15 15
1375 1378 1379 15 15 15
1376 1377 1378 15 15 15
1376 1377 1379 15 15 15
1376 1378 1379 15 15 15
1377 1378 1379 15 15 15
1381 1382 1383 15 15 15
1381 1382 1384 15 15 15
1381 1383 1384 15 15 15
1382 1383 1384 15 15 15
1382 1383 1385 15 15 15
1382 1384 1385 15 15 15
1383 1384 1385 15 15 15
1386 1387 1388 15 15 15
1389 1390 1391 15 15 15
1406 1407 1408 4 7 4
1406 1408 1409 4 4 4
1406 1408 1410 4 4 4
1406 1408 1411 4 4 4
1406 1409 1410 4 4 4
1406 1409 1411 4 4 4
1406 1410 1411 4 4 4
1408 1409 1410 4 4 4
1408 1409 1411 4 4 4
1408 1410 1411 4 4 4
1408 1411 1414 4 4 7
1409 1410 1411 4 4 4
1409 1410 1413 4 4 7
1415 1416 1417 15 15 15
1415 1416 1418 15 15 15
1415 1417 1418 15 15 15
1416 1417 1418 15 15 15
1421 1422 1423 15 15 15
1421 1422 1424 15 15 15
1421 1422 1426 15 15 15
1421 1422 1427 15 15 15
1421 1423 1424 15 15 15
1421 1423 1426 15 15 15
1421 1423 1428 15 15 15
1421 1424 1426 15 15 15
1421 1424 1427 15 15 15
1421 1424 1428 15 15 15
1422 1423 1424 15 15 15
1422 1423 1426 15 15 15
1422 1424 1425 15 15 15
1422 1424 1426 15 15 15
1422 1424 1427 15 15 15
1422 1424 1429 15 15 15
1422 1425 1426 15 15 15
1422 1426 1429 15 15 15
1423 1424 1426 15 15 15
1423 1424 1428 15 15 15
1424 1425 1426 15 15 15
1424 1425 1428 15 15 15
1424 1426 1429 15 15 15
1433 1434 1435 4 15 8
1433 1434 1437 4 4 15
1433 1435 1436 8 15 15
1433 1435 1437 8 4 15
1433 1436 1437 15 15 15
1433 1436 1438 15 15 15
1433 1437 1438 15 15 15
1434 1435 1437 15 4 4
1435 1436 1437 15 15 4
1436 1437 1438 15 15 15
1440 1441 1442 15 15 15
1444 1445 1446 15 15 15
1444 1445 1447 15 15 15
1449 1450 1451 15 15 15
1449 1451 1452 15 15 15
1450 1454 1457 15 15 15
1450 1454 1459 15 15 15
1450 1454 1461 15 15 15
1450 1457 1459 15 15 15
1450 1457 1461 15 15 15
1450 1459 1461 15 15 15
1451 1455 1458 15 15 15
1454 1455 1457 15 15 15
1454 1455 1458 15 15 15
1454 1455 1459 15 15 15
1454 1455 1460 15 15 15
1454 1455 1461 15 15 15
1454 1457 1458 15 15 15
1454 1457 1459 15 15 15
1454 1457 1460 15 15 15
1454 1457 1461 15 15 15
1454 1458 1459 15 15 15
1454 1458 1460 15 15 15
1454 1459 1461 15 15 15
1455 1457 1458 15 15 15
1455 1457 1459 15 15 15
1455 1457 1460 15 15 15
1455 1457 1461 15 15 15
1455 1458 1459 15 15 15
1455 1458 1460 15 15 15
1455 1459 1461 15 15 15
1457 1458 1459 15 15 15
1457 1458 1460 15 15 15
1457 1459 1461 15 15 15
1465 1466 1467 12 12 12
1465 1466 1468 12 12 12
1465 1466 1469 12 12 12
1465 1466 1470 12 12 12
1465 1466 1471 12 12 12
1465 1467 1468 12 12 12
1465 1467 1469 12 12 12
1465 1467 1470 12 12 12
1465 1467 1471 12 12 12
1465 1468 1469 12 12 12
1465 1468 1470 12 12 12
1465 1468 1471 12 12 12
1465 1469 1470 12 12 12
1465 1469 1471 12 12 12
1465 1470 1471 12 12 12
1466 1467 1468 12 12 12
1466 1467 1469 12 12 12
1466 1467 1470 12 12 12
1466 1467 1471 12 12 12
1466 1468 1469 12 12 12
1466 1468 1470 12 12 12
1466 1468 1471 12 12 12
1466 1469 1470 12 12 12
1466 1469 1471 12 12 12
1466 1470 1471 12 12 12
1467 1468 1469 12 12 12
1467 1468 1470 12 12 12
1467 1468 1471 12 12 12
1467 1469 1470 12 12 12
1467 1469 1471 12 12 12
1467 1470 1471 12 12 12
1468 1469 1470 12 12 12
1468 1469 1471 12 12 12
1468 1470 1471 12 12 12
1469 1470 1471 12 12 12
1474 1475 1476 4 4 4
1474 1475 1477 4 4 4
1474 1476 1477 4 4 4
1475 1476 1477 4 4 4
1478 1479 1480 15 15 8
1478 1479 1481 15 15 15
1478 1479 1482 15 15 15
1478 1479 1483 15 15 8
1478 1480 1483 8 15 8
1478 1481 1482 15 15 15
1478 1481 1483 15 15 8
1479 1480 1483 15 15 15
1479 1481 1482 15 15 15
1479 1481 1483 15 15 15
1479 1481 1484 15 15 15
1479 1481 1485 15 15 15
1479 1483 1485 15 15 15
1481 1483 1485 15 15 15
1495 1496 1497 14 14 14
1511 1512 1513 4 15 15
1511 1512 1514 4 4 4
1511 1513 1514 15 4 4
1511 1513 1515 15 4 4
1511 1514 1515 4 4 4
1512 1513 1514 15 4 4
1513 1514 1515 4 4 4
1517 1518 1519 15 15 15
1517 1518 1523 15 15 15
1517 1518 1526 15 15 15
1517 1519 1523 15 15 15
1517 1519 1526 15 15 15
1517 1523 1526 15 15 15
1518 1519 1523 15 15 15
1518 1519 1526 15 15 15
1518 1523 1526 15 15 15
1519 1520 1521 15 15 15
1519 1520 1522 15 15 15
1519 1520 1523 15 15 15
1519 1520 1526 15 15 15
1519 1521 1522 15 15 15
1519 1521 1523 15 15 15
1519 1521 1526 15 15 15
1519 1522 1523 15 15 15
1519 1522 1526 15 15 15
1519 1523 1526 15 15 15
1520 1521 1522 15 15 15
1520 1521 1523 15 15 15
1520 1521 1526 15 15 15
1520 1522 1523 15 15 15
1520 1522 1524 15 15 15
1520 1522 1526 15 15 15
1520 1523 1524 15 15 15
1520 1523 1525 15 15 15
1520 1523 1526 15 15 15
1520 1524 1525 15 15 15
1520 1524 1526 15 15 15
1521 1522 1523 15 15 15
1521 1522 1526 15 15 15
1521 1523 1526 15 15 15
1522 1523 1524 15 15 15
1522 1523 1526 15 15 15
1522 1524 1526 15 15 15
1523 1524 1525 15 15 15
1523 1524 1526 15 15 15
1533 1534 1535 1 15 0
1533 1534 1536 1 4 1
1533 1535 1536 0 8 1
1534 1535 1536 15 8 4
1550 1551 1552 15 15 15
1556 1557 1558 15 15 15
1578 1579 1582 4 15 15
1578 1580 1581 12 15 12
1578 1580 1582 12 15 15
1578 1581 1582 12 15 15
1580 1581 1582 15 15 15
1583 1584 1585 5 5 5
1607 1608 1609 15 15 15
1607 1608 1611 15 15 15
1607 1609 1611 15 15 15
1608 1609 1610 15 15 15
1608 1609 1611 15 15 15
1608 1609 1612 15 15 15
1608 1610 1611 15 15 15
1608 1610 1612 15 15 15
1608 1611 1612 15 15 15
1609 1610 1611 15 15 15
1609 1610 1612 15 15 15
1609 1611 1612 15 15 15
1610 1611 1612 15 15 15
1629 1630 1631 15 15 15
1629 1630 1632 15 15 15
1629 1631 1632 15 15 15
1630 1631 1632 15 15 15
1640 1641 1642 15 4 4
1648 1650 1651 4 4 4
1648 1650 1652 4 15 4
1648 1651 1652 4 4 4
1650 1651 1652 4 4 15
1653 1654 1655 15 15 15
1653 1654 1656 15 15 15
1653 1654 1657 15 4 15
1653 1654 1658 15 15 15
1653 1654 1659 15 15 15
1653 1654 1660 15 4 15
1653 1654 1661 15 4 15
1653 1655 1656 15 15 15
1653 1655 1658 15 4 15
1653 1655 1660 15 4 15
1653 1655 1661 15 4 15
1653 1656 1657 15 15 15
1653 1656 1658 15 15 15
1653 1656 1659 15 4 15
1653 1656 1660 15 15 15
1653 1656 1661 15 15 15
1653 1657 1658 15 15 15
1653 1657 1659 15 15 15
1653 1657 1660 15 15 15
1653 1657 1661 15 15 15
1653 1658 1659 15 15 15
1653 1658 1660 15 15 15
1653 1658 1661 15 15 15
1653 1659 1660 15 4 15
1653 1659 1661 15 15 15
1653 1660 1661 15 4 15
1654 1655 1656 15 15 15
1654 1655 1658 15 4 15
1654 1655 1660 15 4 4
1654 1655 1661 15 4 4
1654 1656 1657 15 15 4
1654 1656 1658 15 15 15
1654 1656 1659 15 4 15
1654 1656 1660 15 15 4
1654 1656 1661 15 15 4
1654 1657 1658 4 15 15
1654 1657 1659 4 15 15
1654 1657 1660 4 15 4
1654 1657 1661 4 15 4
1654 1658 1659 15 15 15
1654 1658 1660 15 15 4
1654 1658 1661 15 15 4
1654 1659 1660 15 4 4
1654 1659 1661 15 15 4
1654 1660 1661 4 4 4
1655 1656 1658 15 15 4
1655 1656 1660 15 15 4
1655 1656 1661 15 15 4
1655 1658 1660 4 15 4
1655 1658 1661 4 15 4
1655 1660 1661 4 4 4
1656 1657 1658 15 15 15
1656 1657 1659 15 15 4
1656 1657 1660 15 15 15
1656 1657 1661 15 15 15
1656 1658 1659 15 15 4
1656 1658 1660 15 15 15
1656 1658 1661 15 15 15
1656 1659 1660 4 4 15
1656 1659 1661 4 15 15
1656 1660 1661 15 4 15
1657 1658 1659 15 15 15
1657 1658 1660 15 15 15
1657 1658 1661 15 15 15
1657 1659 1660 15 4 15
1657 1659 1661 15 15 15
1657 1660 1661 15 4 15
1658 1659 1660 15 4 15
1658 1659 1661 15 15 15
1658 1660 1661 15 4 15
1659 1660 1661 4 4 15
1662 1663 1664 4 4 4
1662 1663 1665 4 4 4
1662 1664 1665 4 4 4
1663 1664 1665 4 4 4
1666 1667 1668 4 4 4
1666 1667 1672 4 4 4
1666 1668 1672 4 4 4
1667 1668 1669 4 4 4
1667 1668 1670 4 4 4
1667 1668 1671 4 4 4
1667 1668 1672 4 4 4
1667 1669 1670 4 4 4
1667 1669 1671 4 4 4
1667 1669 1672 4 4 4
1667 1670 1671 4 4 4
1667 1670 1672 4 4 4
1668 1669 1670 4 4 4
1668 1669 1671 4 4 4
1668 1669 1672 4 4 4
1668 1670 1671 4 4 4
1668 1670 1672 4 4 4
1669 1670 1671 4 4 4
1669 1670 1672 4 4 4
1701 1702 1704 1 1 1
1701 1702 1705 1 1 4
1701 1704 1705 1 7 4
1702 1703 1704 1 4 1
1702 1703 1706 1 1 3
1702 1704 1705 1 7 1
1708 1709 1710 15 15 15
1708 1709 1711 15 15 15
1708 1709 1712 15 4 15
1708 1710 1711 15 15 15
1708 1710 1712 15 15 15
1708 1711 1712 15 15 15
1709 1710 1711 15 15 15
1709 1710 1712 15 15 4
1709 1711 1712 15 15 4
1710 1711 1712 15 15 15
1714 1715 1716 15 15 4
1719 1720 1721 15 8 15
1719 1720 1726 15 15 8
1719 1721 1725 15 15 8
1719 1721 1726 15 15 8
1719 1723 1724 8 15 8
1719 1723 1725 8 15 8
1719 1724 1725 8 15 8
1720 1721 1722 8 8 15
1720 1721 1726 8 15 15
1720 1722 1726 15 15 15
1721 1722 1726 8 15 15
1723 1724 1725 15 15 15
1730 1732 1733 7 4 4
1730 1732 1734 7 4 4
1730 1732 1735 7 4 4
1730 1732 1736 7 4 4
1730 1733 1734 4 4 4
1730 1735 1736 4 4 4
1732 1733 1734 4 4 4
1732 1735 1736 4 4 4
1752 1753 1754 5 4 5
1753 1754 1755 4 5 5
1759 1760 1761 15 15 15
1759 1760 1762 15 15 15
1759 1761 1762 15 15 15
1760 1761 1762 15 15 15
1764 1765 1770 15 8 15
1764 1765 1771 15 15 15
1764 1767 1768 15 15 15
1764 1770 1772 15 15 15
1774 1776 1777 8 15 8
1774 1776 1778 8 15 15
1774 1777 1778 8 15 15
1775 1776 1777 15 15 15
1775 1776 1778 15 15 8
1775 1777 1778 15 15 8
1776 1777 1778 15 15 15
1779 1780 1781 15 15 15
1782 1783 1784 15 15 15
1782 1783 1785 15 15 15
1782 1784 1785 15 15 15
1783 1784 1785 15 15 15
1787 1788 1789 4 4 4
1787 1788 1791 4 4 4
1787 1789 1791 4 4 4
1788 1789 1791 4 4 4
1793 1794 1795 15 15 15
1793 1794 1796 15 15 15
1793 1794 1797 15 15 15
1793 1795 1796 15 15 15
1793 1795 1797 15 15 15
1793 1796 1797 15 15 15
1794 1795 1796 15 15 15
1794 1795 1797 15 15 15
1794 1796 1797 15 15 15
1795 1796 1797 15 15 15
1801 1802 1803 15 15 15
1801 1802 1804 15 15 15
1801 1802 1805 15 15 15
1801 1803 1804 15 15 15
1801 1803 1805 15 15 15
1801 1804 1805 15 15 15
1802 1803 1804 15 15 15
1802 1803 1805 15 15 15
1802 1804 1805 15 15 15
1803 1804 1805 15 15 15
1806 1807 1808 15 15 15
1806 1807 1809 15 15 15
1806 1807 1810 15 15 15
1806 1808 1809 15 15 15
1806 1808 1810 15 15 15
1806 1809 1810 15 15 15
1807 1808 1809 15 15 15
1807 1808 1810 15 15 15
1807 1809 1810 15 15 15
1808 1809 1810 15 15 15
1812 1814 1815 15 15 15
1812 1814 1816 15 15 15
1812 1814 1817 15 15 15
1812 1814 1818 15 15 15
1812 1815 1816 15 15 15
1812 1815 1817 15 15 15
1812 1815 1818 15 15 15
1812 1816 1817 15 15 15
1812 1816 1818 15 15 15
1812 1817 1818 15 15 15
1813 1814 1815 15 15 15
1813 1814 1816 15 15 15
1813 1814 1817 15 15 15
1813 1814 1819 15 15 15
1813 1814 1824 15 15 15
1813 1814 1828 15 15 15
1813 1815 1816 15 15 15
1813 1815 1817 15 15 15
1813 1815 1819 15 15 15
1813 1815 1824 15 15 15
1813 1815 1828 15 15 15
1813 1816 1817 15 15 15
1813 1816 1819 15 15 15
1813 1816 1824 15 15 15
1813 1816 1828 15 15 15
1813 1817 1819 15 15 15
1813 1817 1821 15 15 15
1813 1817 1824 15 15 15
1813 1817 1828 15 15 15
1814 1815 1816 15 15 15
1814 1815 1817 15 15 15
1814 1815 1818 15 15 15
1814 1815 1819 15 15 15
1814 1815 1820 15 15 15
1814 1815 1822 15 15 15
1814 1815 1823 15 15 15
1814 1815 1824 15 15 15
1814 1815 1825 15 15 15
1814 1815 1826 15 15 15
1814 1815 1827 15 15 15
1814 1815 1828 15 15 15
1814 1816 1817 15 15 15
1814 1816 1818 15 15 15
1814 1816 1819 15 15 15
1814 1816 1820 15 15 15
1814 1816 1822 15 15 15
1814 1816 1823 15 15 15
1814 1816 1824 15 15 15
1814 1816 1826 15 15 15
1814 1816 1827 15 15 15
1814 1816 1828 15 15 15
1814 1817 1818 15 15 15
1814 1817 1819 15 15 15
1814 1817 1820 15 15 15
1814 1817 1822 15 15 15
1814 1817 1823 15 15 15
1814 1817 1824 15 15 15
1814 1817 1826 15 15 15
1814 1817 1827 15 15 15
1814 1817 1828 15 15 15
1814 1822 1828 15 15 15
1814 1826 1828 15 15 15
1815 1816 1817 15 15 15
1815 1816 1818 15 15 15
1815 1816 1819 15 15 15
1815 1816 1820 15 15 15
1815 1816 1822 15 15 15
1815 1816 1823 15 15 15
1815 1816 1824 15 15 15
1815 1816 1826 15 15 15
1815 1816 1827 15 15 15
1815 1816 1828 15 15 15
1815 1817 1818 15 15 15
1815 1817 1819 15 15 15
1815 1817 1820 15 15 15
1815 1817 1822 15 15 15
1815 1817 1823 15 15 15
1815 1817 1824 15 15 15
1815 1817 1826 15 15 15
1815 1817 1827 15 15 15
1815 1817 1828 15 15 15
1815 1822 1828 15 15 15
1815 1826 1828 15 15 15
1816 1817 1818 15 15 15
1816 1817 1819 15 15 15
1816 1817 1820 15 15 15
1816 1817 1822 15 15 15
1816 1817 1823 15 15 15
1816 1817 1824 15 15 15
1816 1817 1826 15 15 15
1816 1817 1827 15 15 15
1816 1817 1828 15 15 15
1816 1822 1828 15 15 15
1816 1826 1828 15 15 15
1817 1822 1828 15 15 15
1817 1826 1828 15 15 15
1842 1843 1844 4 12 4
1842 1843 1845 4 12 4
1842 1843 1846 4 12 4
1842 1844 1845 4 12 4
1842 1844 1846 4 12 4
1842 1845 1846 4 12 4
1843 1844 1845 12 12 12
1843 1844 1846 12 12 12
1843 1845 1846 12 12 12
1844 1845 1846 12 12 12
1849 1850 1851 15 15 15
1849 1850 1852 15 15 15
1849 1850 1853 15 15 15
1849 1851 1853 15 15 15
1850 1851 1853 15 15 15
1850 1851 1854 15 15 15
1850 1851 1856 15 15 15
1850 1853 1854 15 15 15
1850 1853 1856 15 15 15
1850 1854 1856 15 15 15
1851 1853 1854 15 15 15
1851 1853 1856 15 15 15
1851 1854 1856 15 15 15
1853 1854 1855 15 15 15
1853 1854 1856 15 15 15
1853 1855 1856 15 15 15
1854 1855 1856 15 15 15
1857 1858 1859 15 15 15
1857 1858 1860 15 15 15
1857 1859 1860 15 15 15
1858 1859 1860 15 15 15
1864 1865 1866 12 12 12
1873 1874 1875 14 14 14
1873 1874 1876 14 14 14
1873 1874 1877 14 14 14
1873 1874 1878 14 14 14
1873 1874 1880 14 14 14
1873 1875 1876 14 14 14
1873 1875 1877 14 14 14
1873 1875 1880 14 14 14
1873 1875 1881 14 14 14
1873 1876 1877 14 14 14
1873 1876 1881 14 14 14
1873 1877 1880 14 14 14
1873 1878 1880 14 14 14
1873 1878 1881 14 14 14
1873 1880 1881 14 14 14
1874 1875 1876 14 14 14
1874 1875 1877 14 14 14
1874 1875 1880 14 14 14
1874 1876 1877 14 14 14
1874 1877 1879 14 14 14
1874 1877 1880 14 14 14
1874 1878 1879 14 14 14
1874 1878 1880 14 14 14
1874 1879 1880 14 14 14
1875 1876 1877 14 14 14
1875 1876 1881 14 14 14
1875 1877 1880 14 14 14
1875 1880 1881 14 14 14
1876 1881 1882 14 14 14
1877 1879 1880 14 14 14
1878 1879 1880 14 14 14
1878 1879 1881 14 14 14
1878 1880 1881 14 14 14
1879 1880 1881 14 14 14
1883 1884 1885 15 15 15
1883 1884 1886 15 15 8
1883 1884 1887 15 15 15
1883 1884 1888 15 15 15
1883 1884 1889 15 15 11
1883 1884 1890 15 15 11
1883 1885 1886 15 15 8
1883 1885 1887 15 15 15
1883 1885 1888 15 15 15
1883 1885 1889 15 15 11
1883 1886 1887 8 15 15
1883 1886 1888 8 15 15
1883 1886 1889 8 15 11
1883 1886 1890 8 15 11
1883 1887 1888 15 15 15
1883 1887 1889 15 15 11
1883 1887 1890 15 15 11
1883 1888 1889 15 15 11
1884 1885 1886 15 15 15
1884 1885 1887 15 15 15
1884 1885 1888 15 15 15
1884 1885 1889 15 15 15
1884 1886 1887 15 15 15
1884 1886 1888 15 15 15
1884 1886 1889 15 15 15
1884 1886 1890 15 15 15
1884 1887 1888 15 15 15
1884 1887 1889 15 15 15
1884 1887 1890 15 15 15
1884 1888 1889 15 15 15
1885 1886 1887 15 15 15
1885 1886 1888 15 15 15
1885 1886 1889 15 15 15
1885 1887 1888 15 15 15
1885 1887 1889 15 15 15
1885 1888 1889 15 15 15
1886 1887 1888 15 15 15
1886 1887 1889 15 15 15
1886 1887 1890 15 15 15
1886 1888 1889 15 15 15
1887 1888 1889 15 15 15
1910 1911 1912 4 4 4
1910 1911 1914 4 4 4
1910 1911 1915 4 4 4
1910 1912 1914 4 4 4
1910 1912 1915 4 4 4
1910 1912 1922 4 4 4
1910 1913 1914 4 4 4
1910 1913 1916 4 1 5
1910 1913 1919 4 4 4
1910 1913 1920 4 1 0
1910 1914 1915 4 4 4
1910 1914 1916 4 0 5
1910 1914 1917 4 4 4
1910 1914 1918 4 4 4
1910 1914 1919 4 4 4
1910 1914 1920 4 1 0
1910 1914 1922 4 4 4
1910 1916 1918 5 4 4
1910 1916 1919 5 0 4
1910 1916 1920 5 5 0
1910 1916 1921 5 4 0
1910 1916 1922 5 0 4
1910 1917 1918 4 4 4
1910 1917 1922 4 4 4
1910 1918 1922 4 4 4
1910 1920 1921 0 5 0
1911 1912 1914 4 4 4
1911 1912 1915 4 4 4
1911 1914 1915 4 4 4
1912 1914 1915 4 4 4
1912 1914 1922 4 4 4
1913 1914 1916 4 0 1
1913 1914 1919 4 4 4
1913 1914 1920 4 1 1
1913 1916 1919 1 0 4
1913 1916 1920 1 5 1
1914 1916 1918 0 4 4
1914 1916 1919 0 0 4
1914 1916 1920 0 5 1
1914 1916 1922 0 0 4
1914 1917 1918 4 4 4
1914 1917 1922 4 4 4
1914 1918 1922 4 4 4
1916 1918 1922 4 4 0
1916 1920 1921 5 5 4
1917 1918 1922 4 4 4
1923 1924 1925 15 15 15
1923 1924 1926 15 15 15
1923 1924 1927 15 15 15
1923 1924 1928 15 15 15
1923 1925 1926 15 4 15
1923 1925 1927 15 15 15
1923 1925 1928 15 15 15
1923 1926 1927 15 4 15
1923 1927 1928 15 15 15
1924 1925 1926 15 4 15
1924 1925 1927 15 15 15
1924 1925 1928 15 15 15
1924 1926 1927 15 4 15
1924 1927 1928 15 15 15
1925 1926 1927 4 4 15
1925 1927 1928 15 15 15
1953 1954 1955 15 15 15
1957 1958 1959 15 15 15
1957 1958 1960 15 15 15
1957 1958 1961 15 15 15
1957 1958 1965 15 15 15
1957 1960 1961 15 15 15
1957 1960 1962 15 15 15
1957 1960 1963 15 15 15
1957 1960 1964 15 15 15
1957 1961 1965 15 15 15
1957 1962 1963 15 15 15
1957 1962 1964 15 15 15
1957 1963 1964 15 15 15
1958 1960 1961 15 15 15
1958 1961 1965 15 15 15
1958 1961 1966 15 15 15
1958 1965 1966 15 15 15
1960 1962 1963 15 15 15
1960 1962 1964 15 15 15
1960 1963 1964 15 15 15
1961 1965 1966 15 15 15
1962 1963 1964 15 15 15
1967 1968 1969 15 15 15
1967 1968 1970 15 15 15
1967 1968 1974 15 4 15
1967 1968 1975 15 15 15
1967 1969 1970 15 15 15
1967 1969 1973 15 15 15
1967 1969 1974 15 15 15
1967 1969 1975 15 15 15
1967 1970 1975 15 15 15
1967 1973 1974 15 15 15
1968 1969 1970 15 15 15
1968 1969 1974 15 15 4
1968 1969 1975 15 15 15
1968 1970 1975 15 15 15
1968 1971 1974 4 4 4
1969 1970 1975 15 15 15
1969 1973 1974 15 15 15
1985 1986 1987 15 15 15
1989 1990 1991 15 15 15
1989 1990 1992 15 15 15
1989 1990 1993 15 15 15
1989 1990 1994 15 15 15
1989 1990 1995 15 15 15
1989 1990 1996 15 15 15
1989 1991 1992 15 15 15
1989 1991 1993 15 15 15
1989 1991 1994 15 15 15
1989 1992 1993 15 15 15
1989 1992 1994 15 15 15
1989 1992 1995 15 15 15
1989 1992 1996 15 15 15
1989 1993 1994 15 15 15
1989 1993 1995 15 15 15
1989 1993 1996 15 15 15
1989 1994 1996 15 15 15
1989 1995 1996 15 15 15
1990 1991 1992 15 15 15
1990 1991 1993 15 15 15
1990 1991 1994 15 15 15
1990 1992 1993 15 15 15
1990 1992 1994 15 15 15
1990 1992 1995 15 15 15
1990 1992 1996 15 15 15
1990 1993 1994 15 15 15
1990 1993 1995 15 15 15
1990 1993 1996 15 15 15
1990 1994 1996 15 15 15
1990 1995 1996 15 15 15
1991 1992 1993 15 15 15
1991 1992 1994 15 15 15
1991 1993 1994 15 15 15
1992 1993 1994 15 15 15
1992 1993 1995 15 15 15
1992 1993 1996 15 15 15
1992 1994 1996 15 15 15
1992 1995 1996 15 15 15
1993 1994 1996 15 15 15
1993 1995 1996 15 15 15
2000 2001 2002 7 7 4
2000 2001 2004 7 0 1
2000 2002 2004 4 1 1
2001 2002 2004 7 1 0
2002 2006 2007 15 15 15
2008 2009 2010 1 4 3
2008 2009 2011 1 1 5
2008 2009 2012 1 7 0
2008 2009 2013 1 0 2
2008 2009 2014 1 1 5
2008 2010 2011 3 3 5
2008 2010 2012 3 4 0
2008 2011 2012 5 0 0
2008 2011 2013 5 2 2
2008 2011 2014 5 5 5
2008 2012 2013 0 0 2
2008 2012 2014 0 0 5
2008 2013 2014 2 2 5
2009 2010 2011 4 3 1
2009 2010 2012 4 4 7
2009 2011 2012 1 0 7
2009 2011 2013 1 2 0
2009 2011 2014 1 5 1
2009 2012 2013 7 0 0
2009 2012 2014 7 0 1
2009 2013 2014 0 2 1
2010 2011 2012 3 0 4
2011 2012 2013 0 0 2
2011 2012 2014 0 0 5
2011 2013 2014 2 2 5
2012 2013 2014 0 2 0
2017 2018 2019 5 0 0
2017 2018 2020 5 1 1
2017 2018 2021 5 3 3
2017 2019 2020 0 7 1
2017 2019 2021 0 1 3
2018 2019 2020 0 7 1
2018 2019 2021 0 1 3
2022 2023 2024 5 1 1
2029 2030 2031 1 1 5
2029 2030 2032 1 5 4
2029 2030 2034 1 4 4
2030 2031 2033 1 4 4
2030 2033 2034 4 4 4
2043 2044 2045 15 15 15
2043 2044 2046 15 15 15
2043 2044 2047 15 15 15
2043 2045 2046 15 15 15
2043 2045 2047 15 15 15
2043 2046 2047 15 15 15
2044 2045 2046 15 15 15
2044 2045 2047 15 15 15
2044 2046 2047 15 15 15
2045 2046 2047 15 15 15
2048 2049 2050 15 15 15
2048 2049 2051 15 15 15
2048 2049 2052 15 15 15
2048 2050 2051 15 15 15
2048 2050 2052 15 15 15
2048 2051 2052 15 15 15
2049 2050 2051 15 15 15
2049 2050 2052 15 15 15
2049 2051 2052 15 15 15
2050 2051 2052 15 15 15
2056 2057 2058 4 4 4
2056 2057 2059 4 4 4
2056 2057 2060 4 4 4
2056 2058 2059 4 4 4
2056 2058 2060 4 4 4
2056 2059 2060 4 4 4
2057 2058 2059 4 4 4
2057 2058 2060 4 4 4
2057 2059 2060 4 4 4
2058 2059 2060 4 4 4
2061 2062 2063 4 4 4
2061 2062 2064 4 4 4
2061 2062 2065 4 4 4
2061 2063 2064 4 4 4
2061 2063 2065 4 4 4
2061 2064 2065 4 4 4
2062 2063 2064 4 4 4
2062 2063 2065 4 4 4
2062 2064 2065 4 4 4
2063 2064 2065 4 4 4
2066 2067 2068 12 12 12
2066 2067 2069 12 12 12
2066 2068 2069 12 12 12
2067 2068 2069 12 12 12
2074 2075 2076 6 5 6
2074 2075 2077 6 9 9
2074 2075 2079 6 5 6
2074 2075 2080 6 4 6
2074 2076 2077 6 9 9
2074 2076 2078 6 1 9
2074 2076 2079 6 6 6
2074 2076 2080 6 5 6
2074 2076 2081 6 6 6
2074 2077 2078 9 15 9
2074 2077 2079 9 9 6
2074 2077 2081 9 9 6
2074 2077 2082 9 9 5
2074 2078 2079 9 9 6
2074 2078 2080 9 1 6
2074 2078 2081 9 9 6
2074 2079 2080 6 4 6
2074 2079 2081 6 4 6
2074 2080 2081 6 6 6
2075 2076 2077 5 9 9
2075 2076 2079 5 6 5
2075 2076 2080 5 5 4
2075 2077 2079 9 9 5
2075 2079 2080 5 4 4
2076 2077 2078 9 15 1
2076 2077 2079 9 9 6
2076 2077 2081 9 9 6
2076 2078 2079 1 9 6
2076 2078 2080 1 1 5
2076 2078 2081 1 9 6
2076 2079 2080 6 4 5
2076 2079 2081 6 4 6
2076 2080 2081 5 6 6
2077 2078 2079 15 9 9
2077 2078 2081 15 9 9
2077 2079 2081 9 4 9
2078 2079 2080 9 4 1
2078 2079 2081 9 4 9
2078 2080 2081 1 6 9
2079 2080 2081 4 6 4
2086 2087 2088 15 15 15
2086 2087 2089 15 15 15
2086 2088 2089 15 15 15
2086 2088 2092 15 8 15
2086 2088 2094 15 8 15
2086 2092 2093 15 15 15
2086 2092 2094 15 15 15
2086 2093 2094 15 15 15
2086 2094 2095 15 15 8
2087 2088 2089 15 15 15
2088 2092 2094 8 15 8
2090 2091 2095 15 15 15
2091 2092 2093 15 15 15
2091 2092 2094 15 15 15
2091 2093 2094 15 15 15
2091 2094 2095 15 15 15
2092 2093 2094 15 15 15
2104 2107 2108 4 7 4
2115 2116 2117 4 4 4
2115 2116 2118 4 4 4
2115 2116 2119 4 4 4
2115 2117 2118 4 4 4
2115 2117 2119 4 4 4
2115 2118 2119 4 4 4
2116 2117 2118 4 4 4
2116 2117 2119 4 4 4
2116 2118 2119 4 4 4
2117 2118 2119 4 4 4
2122 2124 2125 15 15 15
2122 2124 2127 15 15 15
2122 2125 2127 15 15 15
2122 2125 2128 15 15 15
2122 2127 2128 15 15 15
2123 2124 2125 4 15 15
2123 2124 2127 4 15 15
2123 2125 2127 15 15 15
2123 2125 2128 15 15 15
2123 2126 2128 4 15 15
2123 2127 2128 15 15 15
2124 2125 2127 15 15 15
2125 2127 2128 15 15 15
2144 2145 2146 15 15 15
2147 2148 2149 14 14 14
2147 2148 2150 14 14 14
2147 2148 2151 14 14 14
2147 2149 2150 14 14 14
2147 2149 2151 14 14 14
2147 2150 2151 14 14 14
2148 2149 2150 14 14 14
2148 2149 2151 14 14 14
2148 2150 2151 14 14 14
2149 2150 2151 14 14 14
2152 2153 2154 7 4 4
2155 2157 2158 4 4 4
2155 2157 2159 4 4 4
2155 2157 2160 4 4 4
2155 2158 2159 4 4 4
2155 2158 2160 4 4 4
2155 2159 2160 4 4 4
2157 2158 2159 4 4 4
2157 2158 2160 4 4 4
2157 2159 2160 4 4 4
2158 2159 2160 4 4 4
2158 2159 2161 4 4 4
2158 2160 2161 4 4 4
2159 2160 2161 4 4 4
2171 2172 2173 15 15 15
2171 2172 2174 15 8 4
2171 2173 2174 15 8 4
2172 2173 2174 15 8 8
2181 2182 2184 7 4 4
2181 2182 2186 7 4 4
2181 2184 2186 4 4 4
2182 2183 2184 4 4 4
2182 2183 2186 4 4 4
2182 2184 2186 4 4 4
2183 2184 2186 4 4 4
2191 2192 2194 15 4 15
2193 2194 2195 4 4 15
2224 2225 2226 15 15 15
2224 2225 2227 15 15 15
2224 2226 2227 15 15 15
2225 2226 2227 15 15 15
2228 2229 2230 15 15 15
2228 2229 2231 15 15 15
2228 2229 2232 15 15 15
2228 2230 2231 15 15 15
2228 2230 2232 15 15 15
2228 2231 2232 15 15 15
2229 2230 2231 15 15 15
2229 2230 2232 15 15 15
2229 2231 2232 15 15 15
2230 2231 2232 15 15 15
2234 2235 2238 15 15 15
2234 2235 2240 15 15 15
2234 2235 2241 15 15 15
2234 2238 2240 15 15 15
2234 2238 2241 15 15 15
2234 2240 2241 15 15 15
2235 2238 2240 15 15 15
2235 2238 2241 15 15 15
2235 2240 2241 15 15 15
2238 2240 2241 15 15 15
2248 2249 2251 14 14 14
2248 2249 2253 14 14 14
2248 2251 2253 14 14 14
2249 2251 2253 14 14 14
2251 2252 2253 14 14 14
2259 2260 2264 3 1 1
2260 2261 2264 7 4 1
2260 2264 2265 1 4 1
2267 2268 2269 4 4 4
2267 2268 2270 4 4 4
2267 2268 2271 4 4 4
2267 2269 2271 4 4 4
2267 2269 2272 4 4 4
2267 2270 2272 4 4 4
2267 2271 2272 4 4 4
2268 2269 2271 4 4 4
2269 2271 2272 4 4 4
2276 2277 2278 4 4 4
2279 2280 2281 15 15 15
2292 2293 2294 14 14 14
2292 2293 2295 14 14 14
2292 2293 2297 14 14 14
2292 2294 2295 14 14 14
2292 2294 2297 14 14 14
2292 2295 2297 14 14 14
2293 2294 2295 14 14 14
2293 2294 2297 14 14 14
2293 2295 2297 14 14 14
2294 2295 2297 14 14 14
2294 2296 2297 14 14 14
2298 2299 2300 5 5 5
2298 2299 2301 5 1 1
2298 2299 2302 5 5 5
2298 2299 2303 5 5 5
2298 2299 2304 5 5 5
2298 2300 2301 5 1 1
2298 2301 2302 1 1 5
2298 2301 2304 1 1 5
2298 2302 2303 5 5 5
2298 2302 2304 5 5 5
2298 2303 2304 5 5 5
2299 2300 2301 5 1 1
2299 2301 2302 1 1 5
2299 2301 2304 1 1 5
2299 2302 2303 5 5 5
2299 2302 2304 5 5 5
2299 2303 2304 5 5 5
2301 2302 2304 1 5 1
2302 2303 2304 5 5 5
2317 2318 2319 12 12 12
2317 2318 2320 12 12 12
2317 2319 2320 12 12 12
2318 2319 2320 12 12 12
2333 2334 2335 15 15 15
2333 2334 2336 15 15 15
2333 2334 2337 15 15 15
2333 2334 2338 15 15 15
2333 2335 2336 15 15 15
2333 2335 2337 15 15 15
2333 2336 2337 15 15 15
2333 2336 2338 15 15 15
2333 2337 2338 15 15 15
2334 2335 2336 15 15 15
2334 2335 2337 15 15 15
2334 2336 2337 15 15 15
2334 2336 2338 15 15 15
2334 2337 2338 15 15 15
2335 2336 2337 15 15 15
2336 2337 2338 15 15 15
